35.56551	-83.52262
35.56552	-83.52256
35.56552	-83.52256
35.56551	-83.52245
35.56551	-83.52245
35.56553	-83.5224
35.56553	-83.5224
35.56554	-83.5223
35.56554	-83.5223
35.56549	-83.52217
35.56549	-83.52217
35.56553	-83.52212
35.56553	-83.52212
35.56555	-83.52201
35.56555	-83.52201
35.56558	-83.52189
35.56558	-83.52189
35.56559	-83.52184
35.56559	-83.52184
35.56559	-83.52178
35.56559	-83.52178
35.5656	-83.52173
35.5656	-83.52173
35.56568	-83.52136
35.56568	-83.52136
35.56569	-83.5213
35.56569	-83.5213
35.56568	-83.52126
35.56568	-83.52126
35.56568	-83.52126
35.56568	-83.52126
35.56559	-83.5209
35.56559	-83.5209
35.56543	-83.52061
35.56543	-83.52061
35.56538	-83.52057
35.56538	-83.52057
35.56535	-83.52051
35.56535	-83.52051
35.5651	-83.52031
35.5651	-83.52031
35.56507	-83.52024
35.56507	-83.52024
35.56501	-83.52019
35.56501	-83.52019
35.56496	-83.52014
35.56496	-83.52014
35.56491	-83.52008
35.56491	-83.52008
35.56489	-83.52001
35.56489	-83.52001
35.56487	-83.51995
35.56487	-83.51995
35.56482	-83.5199
35.56482	-83.5199
35.56477	-83.51985
35.56477	-83.51985
35.56468	-83.51973
35.56468	-83.51973
35.56463	-83.51969
35.56463	-83.51969
35.56457	-83.51955
35.56457	-83.51955
35.56454	-83.51949
35.56454	-83.51949
35.5645	-83.51942
35.5645	-83.51942
35.56445	-83.51936
35.56445	-83.51936
35.5644	-83.5193
35.5644	-83.5193
35.56436	-83.51924
35.56436	-83.51924
35.56432	-83.5192
35.56432	-83.5192
35.56427	-83.51915
35.56427	-83.51915
35.56423	-83.51911
35.56423	-83.51911
35.56417	-83.51909
35.56417	-83.51909
35.56411	-83.51905
35.56411	-83.51905
35.56406	-83.519
35.56406	-83.519
35.56399	-83.519
35.56399	-83.519
35.56395	-83.51896
35.56395	-83.51896
35.56395	-83.51878
35.56395	-83.51878
35.56395	-83.51874
35.56395	-83.51874
35.56392	-83.51869
35.56392	-83.51869
35.5639	-83.51866
35.5639	-83.51866
35.56385	-83.51862
35.56385	-83.51862
35.56383	-83.51861
35.56383	-83.51861
35.56384	-83.5186
35.56384	-83.5186
35.56381	-83.51857
35.56381	-83.51857
35.56373	-83.51853
35.56373	-83.51853
35.56371	-83.5185
35.56371	-83.5185
35.56365	-83.51849
35.56365	-83.51849
35.5636	-83.51846
35.5636	-83.51846
35.56355	-83.51844
35.56355	-83.51844
35.56349	-83.51838
35.56349	-83.51838
35.56344	-83.51841
35.56344	-83.51841
35.56339	-83.51838
35.56339	-83.51838
35.56336	-83.51836
35.56336	-83.51836
35.56334	-83.51832
35.56334	-83.51832
35.56331	-83.51827
35.56331	-83.51827
35.56328	-83.51825
35.56328	-83.51825
35.56325	-83.51816
35.56325	-83.51816
35.56323	-83.51809
35.56323	-83.51809
35.5632	-83.51805
35.5632	-83.51805
35.56317	-83.51802
35.56317	-83.51802
35.56314	-83.51798
35.56314	-83.51798
35.56311	-83.51794
35.56311	-83.51794
35.56307	-83.51789
35.56307	-83.51789
35.56304	-83.51785
35.56304	-83.51785
35.56301	-83.51781
35.56301	-83.51781
35.56294	-83.51774
35.56294	-83.51774
35.5629	-83.51772
35.5629	-83.51772
35.56286	-83.51767
35.56286	-83.51767
35.56283	-83.51762
35.56283	-83.51762
35.56279	-83.51756
35.56279	-83.51756
35.56274	-83.51752
35.56274	-83.51752
35.56273	-83.51746
35.56273	-83.51746
35.56272	-83.5174
35.56272	-83.5174
35.56272	-83.51739
35.56272	-83.51739
35.56271	-83.51734
35.56271	-83.51734
35.56267	-83.51728
35.56267	-83.51728
35.56263	-83.51724
35.56263	-83.51724
35.5626	-83.51718
35.5626	-83.51718
35.56257	-83.51712
35.56257	-83.51712
35.56254	-83.51706
35.56254	-83.51706
35.56251	-83.51699
35.56251	-83.51699
35.56248	-83.51691
35.56248	-83.51691
35.56244	-83.51677
35.56244	-83.51677
35.56241	-83.51669
35.56241	-83.51669
35.56237	-83.51663
35.56237	-83.51663
35.56237	-83.51653
35.56237	-83.51653
35.56237	-83.51645
35.56237	-83.51645
35.56237	-83.51631
35.56237	-83.51631
35.56239	-83.51624
35.56239	-83.51624
35.56241	-83.51618
35.56241	-83.51618
35.56241	-83.51612
35.56241	-83.51612
35.56242	-83.51606
35.56242	-83.51606
35.56243	-83.51602
35.56243	-83.51602
35.56245	-83.51596
35.56245	-83.51596
35.56247	-83.5159
35.56247	-83.5159
35.56244	-83.51571
35.56244	-83.51571
35.56245	-83.51561
35.56245	-83.51561
35.56246	-83.51555
35.56246	-83.51555
35.56252	-83.51548
35.56252	-83.51548
35.56251	-83.51544
35.56251	-83.51544
35.56254	-83.51538
35.56254	-83.51538
35.56255	-83.51533
35.56255	-83.51533
35.56259	-83.51526
35.56259	-83.51526
35.56262	-83.51518
35.56262	-83.51518
35.56266	-83.51511
35.56266	-83.51511
35.56266	-83.51491
35.56266	-83.51491
35.56277	-83.51465
35.56277	-83.51465
35.56272	-83.51461
35.56272	-83.51461
35.56277	-83.51455
35.56277	-83.51455
35.56277	-83.5145
35.56277	-83.5145
35.56278	-83.51443
35.56278	-83.51443
35.56278	-83.51436
35.56278	-83.51436
35.56279	-83.51427
35.56279	-83.51427
35.56281	-83.51424
35.56281	-83.51424
35.56282	-83.51422
35.56282	-83.51422
35.56284	-83.51414
35.56284	-83.51414
35.56284	-83.51408
35.56284	-83.51408
35.56286	-83.514
35.56286	-83.514
35.56288	-83.51393
35.56288	-83.51393
35.5629	-83.51387
35.5629	-83.51387
35.5629	-83.51384
35.5629	-83.51384
35.56292	-83.51381
35.56292	-83.51381
35.56294	-83.51374
35.56294	-83.51374
35.56296	-83.51366
35.56296	-83.51366
35.56295	-83.51362
35.56295	-83.51362
35.56297	-83.51356
35.56297	-83.51356
35.56296	-83.5135
35.56296	-83.5135
35.56299	-83.51346
35.56299	-83.51346
35.563	-83.51342
35.563	-83.51342
35.563	-83.5134
35.563	-83.5134
35.56304	-83.51338
35.56304	-83.51338
35.56307	-83.5133
35.56307	-83.5133
35.56307	-83.51324
35.56307	-83.51324
35.56306	-83.51317
35.56306	-83.51317
35.56305	-83.51315
35.56305	-83.51315
35.56305	-83.51314
35.56305	-83.51314
35.56305	-83.51313
35.56305	-83.51313
35.56305	-83.51311
35.56305	-83.51311
35.56305	-83.51306
35.56305	-83.51306
35.56305	-83.51302
35.56305	-83.51302
35.56305	-83.51297
35.56305	-83.51297
35.56307	-83.51292
35.56307	-83.51292
35.56307	-83.51289
35.56307	-83.51289
35.56306	-83.51284
35.56306	-83.51284
35.56304	-83.51278
35.56304	-83.51278
35.56302	-83.51277
35.56302	-83.51277
35.56301	-83.51272
35.56301	-83.51272
35.56301	-83.51267
35.56301	-83.51267
35.56298	-83.51263
35.56298	-83.51263
35.56299	-83.51256
35.56299	-83.51256
35.56297	-83.51253
35.56297	-83.51253
35.56297	-83.51247
35.56297	-83.51247
35.56297	-83.51247
35.56297	-83.51247
35.56297	-83.51246
35.56297	-83.51246
35.56295	-83.51241
35.56295	-83.51241
35.56294	-83.51236
35.56294	-83.51236
35.56291	-83.51227
35.56291	-83.51227
35.56288	-83.51219
35.56288	-83.51219
35.5629	-83.5121
35.5629	-83.5121
35.56286	-83.51204
35.56286	-83.51204
35.56285	-83.51197
35.56285	-83.51197
35.56286	-83.51191
35.56286	-83.51191
35.56285	-83.51185
35.56285	-83.51185
35.56283	-83.51179
35.56283	-83.51179
35.56278	-83.51174
35.56278	-83.51174
35.56275	-83.51169
35.56275	-83.51169
35.56274	-83.51163
35.56274	-83.51163
35.56273	-83.51156
35.56273	-83.51156
35.56273	-83.51148
35.56273	-83.51148
35.5627	-83.51144
35.5627	-83.51144
35.56269	-83.51138
35.56269	-83.51138
35.56269	-83.51132
35.56269	-83.51132
35.56269	-83.51127
35.56269	-83.51127
35.56268	-83.51121
35.56268	-83.51121
35.56266	-83.51116
35.56266	-83.51116
35.56266	-83.51114
35.56266	-83.51114
35.56266	-83.51114
35.56266	-83.51114
35.56267	-83.51114
35.56267	-83.51114
35.56267	-83.5111
35.56267	-83.5111
35.56267	-83.51105
35.56267	-83.51105
35.56265	-83.511
35.56265	-83.511
35.56265	-83.51087
35.56265	-83.51087
35.56262	-83.51083
35.56262	-83.51083
35.56261	-83.51077
35.56261	-83.51077
35.56261	-83.51071
35.56261	-83.51071
35.56263	-83.51066
35.56263	-83.51066
35.56265	-83.51061
35.56265	-83.51061
35.56266	-83.51057
35.56266	-83.51057
35.56268	-83.51054
35.56268	-83.51054
35.56267	-83.5105
35.56267	-83.5105
35.56267	-83.51045
35.56267	-83.51045
35.56269	-83.51039
35.56269	-83.51039
35.56269	-83.51033
35.56269	-83.51033
35.56267	-83.5103
35.56267	-83.5103
35.56266	-83.51024
35.56266	-83.51024
35.56265	-83.51018
35.56265	-83.51018
35.56261	-83.51012
35.56261	-83.51012
35.56258	-83.51006
35.56258	-83.51006
35.56258	-83.50999
35.56258	-83.50999
35.5626	-83.50995
35.5626	-83.50995
35.56259	-83.50989
35.56259	-83.50989
35.56257	-83.50982
35.56257	-83.50982
35.56256	-83.50977
35.56256	-83.50977
35.56254	-83.50972
35.56254	-83.50972
35.56252	-83.50967
35.56252	-83.50967
35.56249	-83.50962
35.56249	-83.50962
35.56245	-83.50957
35.56245	-83.50957
35.56241	-83.50952
35.56241	-83.50952
35.56237	-83.50943
35.56237	-83.50943
35.56235	-83.50938
35.56235	-83.50938
35.56232	-83.50928
35.56232	-83.50928
35.5623	-83.50923
35.5623	-83.50923
35.56229	-83.50916
35.56229	-83.50916
35.5623	-83.50912
35.5623	-83.50912
35.56229	-83.50905
35.56229	-83.50905
35.56227	-83.50901
35.56227	-83.50901
35.56226	-83.50896
35.56226	-83.50896
35.56224	-83.5089
35.56224	-83.5089
35.56221	-83.50884
35.56221	-83.50884
35.56218	-83.50879
35.56218	-83.50879
35.56216	-83.50874
35.56216	-83.50874
35.56215	-83.50868
35.56215	-83.50868
35.56213	-83.50863
35.56213	-83.50863
35.56212	-83.50859
35.56212	-83.50859
35.56213	-83.50854
35.56213	-83.50854
35.56213	-83.5085
35.56213	-83.5085
35.56213	-83.50845
35.56213	-83.50845
35.56211	-83.50841
35.56211	-83.50841
35.56208	-83.50835
35.56208	-83.50835
35.56206	-83.5083
35.56206	-83.5083
35.56204	-83.50825
35.56204	-83.50825
35.56203	-83.50819
35.56203	-83.50819
35.56203	-83.50809
35.56203	-83.50809
35.56202	-83.50804
35.56202	-83.50804
35.56201	-83.50798
35.56201	-83.50798
35.56198	-83.50794
35.56198	-83.50794
35.56195	-83.50789
35.56195	-83.50789
35.56194	-83.50782
35.56194	-83.50782
35.56194	-83.50776
35.56194	-83.50776
35.56191	-83.50765
35.56191	-83.50765
35.5619	-83.50759
35.5619	-83.50759
35.5619	-83.50754
35.5619	-83.50754
35.56185	-83.50747
35.56185	-83.50747
35.56184	-83.50742
35.56184	-83.50742
35.56185	-83.50735
35.56185	-83.50735
35.56182	-83.5073
35.56182	-83.5073
35.56182	-83.50724
35.56182	-83.50724
35.56181	-83.50718
35.56181	-83.50718
35.56183	-83.50712
35.56183	-83.50712
35.56185	-83.50705
35.56185	-83.50705
35.56186	-83.50699
35.56186	-83.50699
35.56188	-83.50692
35.56188	-83.50692
35.56187	-83.50685
35.56187	-83.50685
35.56186	-83.50678
35.56186	-83.50678
35.56189	-83.5067
35.56189	-83.5067
35.56192	-83.50664
35.56192	-83.50664
35.56195	-83.50658
35.56195	-83.50658
35.562	-83.50653
35.562	-83.50653
35.56204	-83.50646
35.56204	-83.50646
35.56206	-83.50637
35.56206	-83.50637
35.56208	-83.5063
35.56208	-83.5063
35.5621	-83.50628
35.5621	-83.50628
35.56211	-83.50627
35.56211	-83.50627
35.56211	-83.50627
35.56211	-83.50627
35.56214	-83.50621
35.56214	-83.50621
35.56217	-83.50614
35.56217	-83.50614
35.56219	-83.50606
35.56219	-83.50606
35.56221	-83.50599
35.56221	-83.50599
35.56224	-83.50594
35.56224	-83.50594
35.56226	-83.50591
35.56226	-83.50591
35.56227	-83.50586
35.56227	-83.50586
35.56225	-83.50579
35.56225	-83.50579
35.56224	-83.50573
35.56224	-83.50573
35.56223	-83.50568
35.56223	-83.50568
35.56223	-83.50563
35.56223	-83.50563
35.56222	-83.50557
35.56222	-83.50557
35.56223	-83.50551
35.56223	-83.50551
35.56221	-83.50546
35.56221	-83.50546
35.56221	-83.50541
35.56221	-83.50541
35.5622	-83.50535
35.5622	-83.50535
35.56219	-83.5053
35.56219	-83.5053
35.56218	-83.50524
35.56218	-83.50524
35.56217	-83.50518
35.56217	-83.50518
35.56216	-83.50511
35.56216	-83.50511
35.56216	-83.50505
35.56216	-83.50505
35.56216	-83.50498
35.56216	-83.50498
35.56217	-83.50493
35.56217	-83.50493
35.56216	-83.5049
35.56216	-83.5049
35.56216	-83.50484
35.56216	-83.50484
35.56215	-83.50477
35.56215	-83.50477
35.56215	-83.50472
35.56215	-83.50472
35.56213	-83.50464
35.56213	-83.50464
35.56213	-83.50457
35.56213	-83.50457
35.56211	-83.5045
35.56211	-83.5045
35.5621	-83.50444
35.5621	-83.50444
35.56206	-83.5044
35.56206	-83.5044
35.56209	-83.50434
35.56209	-83.50434
35.56209	-83.50431
35.56209	-83.50431
35.56209	-83.50428
35.56209	-83.50428
35.56208	-83.50426
35.56208	-83.50426
35.56208	-83.50423
35.56208	-83.50423
35.56208	-83.50416
35.56208	-83.50416
35.56209	-83.50409
35.56209	-83.50409
35.56212	-83.50401
35.56212	-83.50401
35.5621	-83.50395
35.5621	-83.50395
35.56209	-83.50389
35.56209	-83.50389
35.56213	-83.50384
35.56213	-83.50384
35.56212	-83.50378
35.56212	-83.50378
35.56212	-83.50373
35.56212	-83.50373
35.56213	-83.50366
35.56213	-83.50366
35.56214	-83.5036
35.56214	-83.5036
35.56214	-83.50355
35.56214	-83.50355
35.56214	-83.50346
35.56214	-83.50346
35.56214	-83.50339
35.56214	-83.50339
35.56214	-83.5033
35.56214	-83.5033
35.56213	-83.50329
35.56213	-83.50329
35.56214	-83.50328
35.56214	-83.50328
35.56215	-83.50318
35.56215	-83.50318
35.56217	-83.50309
35.56217	-83.50309
35.5622	-83.50302
35.5622	-83.50302
35.56222	-83.50295
35.56222	-83.50295
35.56224	-83.50287
35.56224	-83.50287
35.56222	-83.50285
35.56222	-83.50285
35.56225	-83.50273
35.56225	-83.50273
35.56227	-83.50266
35.56227	-83.50266
35.5623	-83.50259
35.5623	-83.50259
35.56233	-83.50246
35.56233	-83.50246
35.56233	-83.50236
35.56233	-83.50236
35.56234	-83.50228
35.56234	-83.50228
35.56236	-83.5022
35.56236	-83.5022
35.56236	-83.5022
35.56236	-83.5022
35.56236	-83.5022
35.56236	-83.5022
35.56237	-83.50212
35.56237	-83.50212
35.56236	-83.50203
35.56236	-83.50203
35.56233	-83.50199
35.56233	-83.50199
35.56236	-83.50189
35.56236	-83.50189
35.56239	-83.50182
35.56239	-83.50182
35.56239	-83.50174
35.56239	-83.50174
35.56241	-83.50167
35.56241	-83.50167
35.56246	-83.50154
35.56246	-83.50154
35.56246	-83.50153
35.56246	-83.50153
35.56246	-83.50153
35.56246	-83.50153
35.56247	-83.50153
35.56247	-83.50153
35.56247	-83.50153
35.56247	-83.50153
35.56246	-83.50153
35.56246	-83.50153
35.56248	-83.50152
35.56248	-83.50152
35.56248	-83.50147
35.56248	-83.50147
35.56248	-83.50142
35.56248	-83.50142
35.56251	-83.50137
35.56251	-83.50137
35.5625	-83.5013
35.5625	-83.5013
35.56249	-83.50124
35.56249	-83.50124
35.56248	-83.50117
35.56248	-83.50117
35.5625	-83.50111
35.5625	-83.50111
35.56241	-83.50109
35.56241	-83.50109
35.56254	-83.50082
35.56254	-83.50082
35.56255	-83.50075
35.56255	-83.50075
35.56256	-83.50064
35.56256	-83.50064
35.56257	-83.50053
35.56257	-83.50053
35.56259	-83.50048
35.56259	-83.50048
35.5626	-83.50039
35.5626	-83.50039
35.5626	-83.50033
35.5626	-83.50033
35.56263	-83.50027
35.56263	-83.50027
35.56262	-83.5002
35.56262	-83.5002
35.56267	-83.50004
35.56267	-83.50004
35.56272	-83.49998
35.56272	-83.49998
35.56276	-83.49995
35.56276	-83.49995
35.5628	-83.49992
35.5628	-83.49992
35.56286	-83.4999
35.56286	-83.4999
35.56289	-83.49985
35.56289	-83.49985
35.56292	-83.49982
35.56292	-83.49982
35.56295	-83.49978
35.56295	-83.49978
35.56298	-83.49972
35.56298	-83.49972
35.56299	-83.49966
35.56299	-83.49966
35.56301	-83.49958
35.56301	-83.49958
35.56304	-83.49947
35.56304	-83.49947
35.56308	-83.49939
35.56308	-83.49939
35.56311	-83.49932
35.56311	-83.49932
35.56325	-83.49909
35.56325	-83.49909
35.56327	-83.49902
35.56327	-83.49902
35.56329	-83.49894
35.56329	-83.49894
35.56337	-83.49876
35.56337	-83.49876
35.5634	-83.49863
35.5634	-83.49863
35.56341	-83.49858
35.56341	-83.49858
35.5634	-83.4985
35.5634	-83.4985
35.56337	-83.49834
35.56337	-83.49834
35.56333	-83.49828
35.56333	-83.49828
35.56329	-83.49822
35.56329	-83.49822
35.56324	-83.49817
35.56324	-83.49817
35.56321	-83.49811
35.56321	-83.49811
35.56316	-83.49806
35.56316	-83.49806
35.56312	-83.49802
35.56312	-83.49802
35.56308	-83.49797
35.56308	-83.49797
35.56304	-83.49792
35.56304	-83.49792
35.56299	-83.49788
35.56299	-83.49788
35.56298	-83.49786
35.56298	-83.49786
35.56298	-83.49786
35.56298	-83.49786
35.56296	-83.49783
35.56296	-83.49783
35.56292	-83.4978
35.56292	-83.4978
35.56291	-83.49779
35.56291	-83.49779
35.5629	-83.49779
35.5629	-83.49779
35.56291	-83.49779
35.56291	-83.49779
35.56289	-83.49772
35.56289	-83.49772
35.56314	-83.49766
35.56314	-83.49766
35.56314	-83.49766
35.56314	-83.49766
35.56334	-83.49769
35.56334	-83.49769
35.56351	-83.49765
35.56351	-83.49765
35.56376	-83.49762
35.56376	-83.49762
35.56394	-83.4976
35.56394	-83.4976
35.56399	-83.49751
35.56399	-83.49751
35.56406	-83.4974
35.56406	-83.4974
35.564	-83.49727
35.564	-83.49727
35.56401	-83.49722
35.56401	-83.49722
35.56398	-83.49715
35.56398	-83.49715
35.56391	-83.49693
35.56391	-83.49693
35.56391	-83.49684
35.56391	-83.49684
35.56404	-83.49677
35.56404	-83.49677
35.56413	-83.49672
35.56413	-83.49672
35.56425	-83.49674
35.56425	-83.49674
35.56434	-83.49664
35.56434	-83.49664
35.56434	-83.49664
35.56434	-83.49664
35.56446	-83.49657
35.56446	-83.49657
35.56446	-83.49657
35.56446	-83.49657
35.56446	-83.49657
35.56446	-83.49657
35.56449	-83.49654
35.56449	-83.49654
35.56457	-83.49651
35.56457	-83.49651
35.56465	-83.49643
35.56465	-83.49643
35.56473	-83.49642
35.56473	-83.49642
35.56476	-83.4964
35.56476	-83.4964
35.56482	-83.49634
35.56482	-83.49634
35.5649	-83.49631
35.5649	-83.49631
35.56493	-83.49634
35.56493	-83.49634
35.565	-83.49637
35.565	-83.49637
35.5651	-83.49626
35.5651	-83.49626
35.56513	-83.49622
35.56513	-83.49622
35.56515	-83.49614
35.56515	-83.49614
35.56516	-83.49612
35.56516	-83.49612
35.56518	-83.49608
35.56518	-83.49608
35.56521	-83.49602
35.56521	-83.49602
35.56522	-83.496
35.56522	-83.496
35.56524	-83.49596
35.56524	-83.49596
35.56527	-83.49591
35.56527	-83.49591
35.56537	-83.49575
35.56537	-83.49575
35.56546	-83.4957
35.56546	-83.4957
35.56564	-83.49548
35.56564	-83.49548
35.5657	-83.49544
35.5657	-83.49544
35.56575	-83.4954
35.56575	-83.4954
35.56578	-83.49534
35.56578	-83.49534
35.5658	-83.4953
35.5658	-83.4953
35.56583	-83.49526
35.56583	-83.49526
35.56586	-83.49521
35.56586	-83.49521
35.56592	-83.49509
35.56592	-83.49509
35.56595	-83.49504
35.56595	-83.49504
35.56597	-83.49499
35.56597	-83.49499
35.56605	-83.49483
35.56605	-83.49483
35.56608	-83.49477
35.56608	-83.49477
35.56613	-83.49473
35.56613	-83.49473
35.56615	-83.49469
35.56615	-83.49469
35.56615	-83.49469
35.56615	-83.49469
35.56625	-83.4945
35.56625	-83.4945
35.56628	-83.49442
35.56628	-83.49442
35.5663	-83.49439
35.5663	-83.49439
35.56642	-83.49413
35.56642	-83.49413
35.56649	-83.49404
35.56649	-83.49404
35.56661	-83.49387
35.56661	-83.49387
35.56666	-83.49374
35.56666	-83.49374
35.56675	-83.49358
35.56675	-83.49358
35.56678	-83.49351
35.56678	-83.49351
35.56681	-83.49346
35.56681	-83.49346
35.56681	-83.49335
35.56681	-83.49335
35.56683	-83.49327
35.56683	-83.49327
35.56686	-83.4931
35.56686	-83.4931
35.56685	-83.49305
35.56685	-83.49305
35.56684	-83.49302
35.56684	-83.49302
35.56685	-83.49296
35.56685	-83.49296
35.56688	-83.49279
35.56688	-83.49279
35.56689	-83.49272
35.56689	-83.49272
35.5669	-83.49266
35.5669	-83.49266
35.5669	-83.49261
35.5669	-83.49261
35.56689	-83.49254
35.56689	-83.49254
35.56694	-83.49242
35.56694	-83.49242
35.56696	-83.49231
35.56696	-83.49231
35.56698	-83.49225
35.56698	-83.49225
35.56702	-83.49191
35.56702	-83.49191
35.56703	-83.49185
35.56703	-83.49185
35.56704	-83.49179
35.56704	-83.49179
35.56697	-83.49138
35.56697	-83.49138
35.56705	-83.49128
35.56705	-83.49128
35.56708	-83.49123
35.56708	-83.49123
35.56709	-83.49117
35.56709	-83.49117
35.5671	-83.49111
35.5671	-83.49111
35.56707	-83.49103
35.56707	-83.49103
35.56706	-83.491
35.56706	-83.491
35.56705	-83.49093
35.56705	-83.49093
35.56705	-83.49091
35.56705	-83.49091
35.56702	-83.4908
35.56702	-83.4908
35.56704	-83.49052
35.56704	-83.49052
35.56703	-83.49047
35.56703	-83.49047
35.56702	-83.49036
35.56702	-83.49036
35.56704	-83.49026
35.56704	-83.49026
35.56703	-83.4902
35.56703	-83.4902
35.56706	-83.49019
35.56706	-83.49019
35.56709	-83.49015
35.56709	-83.49015
35.5671	-83.49009
35.5671	-83.49009
35.56714	-83.49002
35.56714	-83.49002
35.56714	-83.48999
35.56714	-83.48999
35.56719	-83.48991
35.56719	-83.48991
35.56714	-83.48972
35.56714	-83.48972
35.56713	-83.48968
35.56713	-83.48968
35.56715	-83.48963
35.56715	-83.48963
35.56715	-83.48958
35.56715	-83.48958
35.56719	-83.48955
35.56719	-83.48955
35.56721	-83.48951
35.56721	-83.48951
35.56722	-83.48948
35.56722	-83.48948
35.56726	-83.48943
35.56726	-83.48943
35.56726	-83.48935
35.56726	-83.48935
35.5673	-83.48929
35.5673	-83.48929
35.56732	-83.48921
35.56732	-83.48921
35.56735	-83.48915
35.56735	-83.48915
35.56741	-83.489
35.56741	-83.489
35.56742	-83.48896
35.56742	-83.48896
35.56745	-83.48889
35.56745	-83.48889
35.56748	-83.48883
35.56748	-83.48883
35.56748	-83.48876
35.56748	-83.48876
35.56747	-83.4887
35.56747	-83.4887
35.56749	-83.48863
35.56749	-83.48863
35.56751	-83.48857
35.56751	-83.48857
35.5675	-83.48851
35.5675	-83.48851
35.56753	-83.48844
35.56753	-83.48844
35.56754	-83.48837
35.56754	-83.48837
35.56756	-83.48831
35.56756	-83.48831
35.56758	-83.48822
35.56758	-83.48822
35.56758	-83.48816
35.56758	-83.48816
35.56761	-83.48804
35.56761	-83.48804
35.56764	-83.48798
35.56764	-83.48798
35.56766	-83.48794
35.56766	-83.48794
35.56769	-83.48779
35.56769	-83.48779
35.56771	-83.48774
35.56771	-83.48774
35.56773	-83.48762
35.56773	-83.48762
35.56774	-83.48756
35.56774	-83.48756
35.56775	-83.4875
35.56775	-83.4875
35.56775	-83.48743
35.56775	-83.48743
35.56773	-83.48731
35.56773	-83.48731
35.56775	-83.48725
35.56775	-83.48725
35.56778	-83.4872
35.56778	-83.4872
35.56778	-83.48715
35.56778	-83.48715
35.56778	-83.4871
35.56778	-83.4871
35.56782	-83.48706
35.56782	-83.48706
35.56782	-83.48704
35.56782	-83.48704
35.56785	-83.48673
35.56785	-83.48673
35.56786	-83.48662
35.56786	-83.48662
35.56784	-83.48659
35.56784	-83.48659
35.56784	-83.48654
35.56784	-83.48654
35.56785	-83.48653
35.56785	-83.48653
35.56786	-83.48654
35.56786	-83.48654
35.56788	-83.48644
35.56788	-83.48644
35.56789	-83.48638
35.56789	-83.48638
35.56792	-83.48634
35.56792	-83.48634
35.56789	-83.48628
35.56789	-83.48628
35.56789	-83.48623
35.56789	-83.48623
35.5679	-83.48612
35.5679	-83.48612
35.56792	-83.48607
35.56792	-83.48607
35.56792	-83.48602
35.56792	-83.48602
35.56793	-83.48592
35.56793	-83.48592
35.56796	-83.4859
35.56796	-83.4859
35.56799	-83.48588
35.56799	-83.48588
35.56803	-83.48586
35.56803	-83.48586
35.56805	-83.48583
35.56805	-83.48583
35.5681	-83.48583
35.5681	-83.48583
35.56821	-83.48576
35.56821	-83.48576
35.56825	-83.48572
35.56825	-83.48572
35.56829	-83.48567
35.56829	-83.48567
35.56831	-83.48562
35.56831	-83.48562
35.56833	-83.48559
35.56833	-83.48559
35.56835	-83.48554
35.56835	-83.48554
35.56847	-83.48539
35.56847	-83.48539
35.56849	-83.48532
35.56849	-83.48532
35.56851	-83.48526
35.56851	-83.48526
35.56857	-83.4852
35.56857	-83.4852
35.56857	-83.4851
35.56857	-83.4851
35.56864	-83.4851
35.56864	-83.4851
35.56877	-83.48516
35.56877	-83.48516
35.56877	-83.48516
35.56877	-83.48516
35.56885	-83.4852
35.56885	-83.4852
35.56889	-83.48522
35.56889	-83.48522
35.56892	-83.48525
35.56892	-83.48525
35.56896	-83.4853
35.56896	-83.4853
35.56897	-83.48533
35.56897	-83.48533
35.569	-83.48535
35.569	-83.48535
35.56904	-83.48539
35.56904	-83.48539
35.56903	-83.48539
35.56903	-83.48539
35.56908	-83.48548
35.56908	-83.48548
35.56914	-83.48558
35.56914	-83.48558
35.56921	-83.48578
35.56921	-83.48578
35.56928	-83.48579
35.56928	-83.48579
35.56932	-83.48572
35.56932	-83.48572
35.56933	-83.48568
35.56933	-83.48568
35.56936	-83.48567
35.56936	-83.48567
35.56938	-83.48563
35.56938	-83.48563
35.5694	-83.48557
35.5694	-83.48557
35.56948	-83.48545
35.56948	-83.48545
35.5695	-83.48542
35.5695	-83.48542
35.5695	-83.48542
35.5695	-83.48542
35.56955	-83.48533
35.56955	-83.48533
35.56958	-83.48531
35.56958	-83.48531
35.56961	-83.48526
35.56961	-83.48526
35.56963	-83.4852
35.56963	-83.4852
35.56966	-83.48517
35.56966	-83.48517
35.56973	-83.48511
35.56973	-83.48511
35.56978	-83.4851
35.56978	-83.4851
35.56981	-83.48506
35.56981	-83.48506
35.5699	-83.48501
35.5699	-83.48501
35.56994	-83.48499
35.56994	-83.48499
35.56997	-83.48496
35.56997	-83.48496
35.57001	-83.48495
35.57001	-83.48495
35.57003	-83.48489
35.57003	-83.48489
35.57006	-83.48472
35.57006	-83.48472
35.57014	-83.48473
35.57014	-83.48473
35.5702	-83.48466
35.5702	-83.48466
35.57024	-83.4845
35.57024	-83.4845
35.57027	-83.48446
35.57027	-83.48446
35.57034	-83.48438
35.57034	-83.48438
35.57036	-83.48432
35.57036	-83.48432
35.57037	-83.48428
35.57037	-83.48428
35.57038	-83.48423
35.57038	-83.48423
35.57038	-83.48417
35.57038	-83.48417
35.57043	-83.48416
35.57043	-83.48416
35.57049	-83.48415
35.57049	-83.48415
35.57052	-83.48411
35.57052	-83.48411
35.57057	-83.48409
35.57057	-83.48409
35.57061	-83.48406
35.57061	-83.48406
35.57065	-83.48401
35.57065	-83.48401
35.5707	-83.484
35.5707	-83.484
35.57074	-83.48397
35.57074	-83.48397
35.57076	-83.48394
35.57076	-83.48394
35.57083	-83.48394
35.57083	-83.48394
35.57085	-83.48392
35.57085	-83.48392
35.57085	-83.48389
35.57085	-83.48389
35.57087	-83.48381
35.57087	-83.48381
35.5709	-83.48383
35.5709	-83.48383
35.57093	-83.4838
35.57093	-83.4838
35.57096	-83.48373
35.57096	-83.48373
35.57101	-83.48369
35.57101	-83.48369
35.57105	-83.48364
35.57105	-83.48364
35.57115	-83.48362
35.57115	-83.48362
35.5712	-83.4836
35.5712	-83.4836
35.57128	-83.4835
35.57128	-83.4835
35.57131	-83.48346
35.57131	-83.48346
35.57135	-83.48344
35.57135	-83.48344
35.57139	-83.48341
35.57139	-83.48341
35.57148	-83.48332
35.57148	-83.48332
35.57152	-83.48328
35.57152	-83.48328
35.57156	-83.48323
35.57156	-83.48323
35.5716	-83.4832
35.5716	-83.4832
35.57164	-83.48317
35.57164	-83.48317
35.57177	-83.48309
35.57177	-83.48309
35.57181	-83.48305
35.57181	-83.48305
35.57185	-83.48302
35.57185	-83.48302
35.5719	-83.48296
35.5719	-83.48296
35.57195	-83.48291
35.57195	-83.48291
35.572	-83.48287
35.572	-83.48287
35.57205	-83.48282
35.57205	-83.48282
35.57208	-83.48274
35.57208	-83.48274
35.57215	-83.48272
35.57215	-83.48272
35.57217	-83.48262
35.57217	-83.48262
35.57222	-83.48258
35.57222	-83.48258
35.5724	-83.48265
35.5724	-83.48265
35.57239	-83.48268
35.57239	-83.48268
35.57239	-83.48273
35.57239	-83.48273
35.57234	-83.48292
35.57234	-83.48292
35.57232	-83.48297
35.57232	-83.48297
35.57232	-83.48306
35.57232	-83.48306
35.57224	-83.48327
35.57224	-83.48327
35.57224	-83.48336
35.57224	-83.48336
35.57216	-83.48346
35.57216	-83.48346
35.57217	-83.4835
35.57217	-83.4835
35.57221	-83.48349
35.57221	-83.48349
35.57225	-83.48343
35.57225	-83.48343
35.57232	-83.48342
35.57232	-83.48342
35.57237	-83.48338
35.57237	-83.48338
35.57244	-83.48332
35.57244	-83.48332
35.57259	-83.48323
35.57259	-83.48323
35.57291	-83.48314
35.57291	-83.48314
35.57297	-83.48312
35.58195	-83.47908
35.58201	-83.47907
35.58201	-83.47907
35.58206	-83.47907
35.58206	-83.47907
35.58212	-83.47915
35.58212	-83.47915
35.58214	-83.47917
35.58214	-83.47917
35.58225	-83.47919
35.58225	-83.47919
35.58233	-83.47924
35.58233	-83.47924
35.5824	-83.47928
35.5824	-83.47928
35.58244	-83.47931
35.58244	-83.47931
35.58247	-83.47933
35.58247	-83.47933
35.58254	-83.4793
35.58254	-83.4793
35.58267	-83.47901
35.58267	-83.47901
35.58267	-83.47901
35.58267	-83.47901
35.58267	-83.479
35.58267	-83.479
35.58266	-83.47901
35.58266	-83.47901
35.58267	-83.47901
35.58267	-83.47901
35.58267	-83.47901
35.58267	-83.47901
35.58272	-83.47897
35.58272	-83.47897
35.58278	-83.47899
35.58278	-83.47899
35.58291	-83.479
35.58291	-83.479
35.58295	-83.479
35.58295	-83.479
35.58299	-83.47896
35.58299	-83.47896
35.58304	-83.47892
35.58304	-83.47892
35.58308	-83.47888
35.58308	-83.47888
35.58314	-83.47886
35.58314	-83.47886
35.58317	-83.47886
35.58317	-83.47886
35.58325	-83.47887
35.58325	-83.47887
35.5833	-83.47882
35.5833	-83.47882
35.58335	-83.47877
35.58335	-83.47877
35.58338	-83.47873
35.58338	-83.47873
35.58343	-83.47869
35.58343	-83.47869
35.58343	-83.47858
35.58343	-83.47858
35.58354	-83.4785
35.58354	-83.4785
35.58357	-83.47844
35.58357	-83.47844
35.58361	-83.47838
35.58361	-83.47838
35.58364	-83.47822
35.58364	-83.47822
35.58369	-83.47812
35.58369	-83.47812
35.58366	-83.47809
35.58366	-83.47809
35.58372	-83.47804
35.58372	-83.47804
35.58376	-83.47779
35.58376	-83.47779
35.58381	-83.47775
35.58381	-83.47775
35.58393	-83.47754
35.58393	-83.47754
35.58398	-83.47738
35.58398	-83.47738
35.58398	-83.47734
35.58398	-83.47734
35.584	-83.47726
35.584	-83.47726
35.58403	-83.47712
35.58403	-83.47712
35.58403	-83.47708
35.58403	-83.47708
35.58402	-83.47705
35.58402	-83.47705
35.58401	-83.47699
35.58401	-83.47699
35.58402	-83.47695
35.58402	-83.47695
35.58404	-83.47691
35.58404	-83.47691
35.58406	-83.47679
35.58406	-83.47679
35.58405	-83.47676
35.58405	-83.47676
35.58409	-83.47668
35.58409	-83.47668
35.58413	-83.47658
35.58413	-83.47658
35.58413	-83.47653
35.58413	-83.47653
35.5842	-83.4765
35.5842	-83.4765
35.58421	-83.47645
35.58421	-83.47645
35.58425	-83.47645
35.58425	-83.47645
35.58423	-83.47639
35.58423	-83.47639
35.58427	-83.47625
35.58427	-83.47625
35.58426	-83.47621
35.58426	-83.47621
35.58429	-83.4761
35.58429	-83.4761
35.58427	-83.47603
35.58427	-83.47603
35.58426	-83.47601
35.58426	-83.47601
35.58427	-83.47601
35.58427	-83.47601
35.58429	-83.47598
35.58429	-83.47598
35.58429	-83.47583
35.58429	-83.47583
35.58432	-83.47579
35.58432	-83.47579
35.58432	-83.47571
35.58432	-83.47571
35.58434	-83.47566
35.58434	-83.47566
35.58435	-83.47563
35.58435	-83.47563
35.58438	-83.47556
35.58438	-83.47556
35.58444	-83.47538
35.58444	-83.47538
35.58455	-83.47543
35.58455	-83.47543
35.58462	-83.47544
35.58462	-83.47544
35.58472	-83.47544
35.58472	-83.47544
35.58478	-83.47543
35.58478	-83.47543
35.5848	-83.47537
35.5848	-83.47537
35.58483	-83.47534
35.58483	-83.47534
35.58485	-83.4753
35.58485	-83.4753
35.58486	-83.47525
35.58486	-83.47525
35.58488	-83.4752
35.58488	-83.4752
35.58489	-83.47514
35.58489	-83.47514
35.58499	-83.47512
35.58499	-83.47512
35.58492	-83.47502
35.58492	-83.47502
35.58493	-83.47494
35.58493	-83.47494
35.58498	-83.47485
35.58498	-83.47485
35.58498	-83.47471
35.58498	-83.47471
35.58498	-83.47465
35.58498	-83.47465
35.58499	-83.47461
35.58499	-83.47461
35.58498	-83.47456
35.58498	-83.47456
35.585	-83.47448
35.585	-83.47448
35.585	-83.47442
35.585	-83.47442
35.58504	-83.47439
35.58504	-83.47439
35.58502	-83.47438
35.58502	-83.47438
35.58502	-83.47439
35.58502	-83.47439
35.58501	-83.47439
35.58501	-83.47439
35.58502	-83.4743
35.58502	-83.4743
35.58509	-83.47425
35.58509	-83.47425
35.58514	-83.47408
35.58514	-83.47408
35.58515	-83.47406
35.58515	-83.47406
35.58521	-83.47393
35.58521	-83.47393
35.58522	-83.47389
35.58522	-83.47389
35.58535	-83.47374
35.58535	-83.47374
35.58548	-83.47373
35.58548	-83.47373
35.58551	-83.47369
35.58551	-83.47369
35.58557	-83.47365
35.58557	-83.47365
35.58561	-83.4736
35.58561	-83.4736
35.58565	-83.47356
35.58565	-83.47356
35.58571	-83.4735
35.58571	-83.4735
35.58573	-83.47342
35.58573	-83.47342
35.58584	-83.47333
35.58584	-83.47333
35.58587	-83.47329
35.58587	-83.47329
35.5859	-83.47324
35.5859	-83.47324
35.58595	-83.47319
35.58595	-83.47319
35.58599	-83.47316
35.58599	-83.47316
35.58599	-83.47315
35.58599	-83.47315
35.58599	-83.47315
35.58599	-83.47315
35.58603	-83.47313
35.58603	-83.47313
35.58609	-83.47311
35.58609	-83.47311
35.58615	-83.47306
35.58615	-83.47306
35.58617	-83.473
35.58617	-83.473
35.58616	-83.47295
35.58616	-83.47295
35.58618	-83.47291
35.58618	-83.47291
35.58621	-83.47288
35.58621	-83.47288
35.58625	-83.47284
35.58625	-83.47284
35.58631	-83.47275
35.58631	-83.47275
35.58634	-83.47273
35.58634	-83.47273
35.58649	-83.47264
35.58649	-83.47264
35.58649	-83.47255
35.58649	-83.47255
35.5865	-83.47251
35.5865	-83.47251
35.58661	-83.47238
35.58661	-83.47238
35.58667	-83.47234
35.58667	-83.47234
35.58672	-83.47237
35.58672	-83.47237
35.58678	-83.47239
35.58678	-83.47239
35.58691	-83.47235
35.58691	-83.47235
35.58692	-83.47236
35.58692	-83.47236
35.58744	-83.47237
35.58744	-83.47237
35.58751	-83.47241
35.58751	-83.47241
35.58752	-83.47246
35.58752	-83.47246
35.58754	-83.47256
35.58754	-83.47256
35.58755	-83.47261
35.58755	-83.47261
35.58754	-83.47267
35.58754	-83.47267
35.58759	-83.4727
35.58759	-83.4727
35.5878	-83.47277
35.5878	-83.47277
35.58784	-83.47274
35.58784	-83.47274
35.58788	-83.47275
35.58788	-83.47275
35.58791	-83.47276
35.58791	-83.47276
35.58797	-83.47277
35.58797	-83.47277
35.58806	-83.4728
35.58806	-83.4728
35.58813	-83.4728
35.58813	-83.4728
35.58815	-83.47277
35.58815	-83.47277
35.58848	-83.47246
35.58848	-83.47246
35.5885	-83.4725
35.5885	-83.4725
35.58854	-83.47251
35.58854	-83.47251
35.58855	-83.4725
35.58855	-83.4725
35.58858	-83.47255
35.58858	-83.47255
35.5886	-83.47266
35.5886	-83.47266
35.5886	-83.4727
35.5886	-83.4727
35.5887	-83.47276
35.5887	-83.47276
35.58874	-83.4728
35.58874	-83.4728
35.58881	-83.47283
35.58881	-83.47283
35.58886	-83.47282
35.58886	-83.47282
35.58892	-83.47285
35.58892	-83.47285
35.58895	-83.47285
35.58895	-83.47285
35.58899	-83.4729
35.58899	-83.4729
35.58903	-83.47295
35.58903	-83.47295
35.58908	-83.47299
35.58908	-83.47299
35.58914	-83.47299
35.58914	-83.47299
35.58919	-83.47301
35.58919	-83.47301
35.58923	-83.47306
35.58923	-83.47306
35.5893	-83.47311
35.5893	-83.47311
35.58925	-83.47317
35.58925	-83.47317
35.58924	-83.47327
35.58924	-83.47327
35.58922	-83.47333
35.58922	-83.47333
35.5892	-83.47339
35.5892	-83.47339
35.58917	-83.47344
35.58917	-83.47344
35.58914	-83.47349
35.58914	-83.47349
35.58913	-83.47355
35.58913	-83.47355
35.58914	-83.47359
35.58914	-83.47359
35.58917	-83.47363
35.58917	-83.47363
35.58921	-83.47366
35.58921	-83.47366
35.58926	-83.47369
35.58926	-83.47369
35.58929	-83.47373
35.58929	-83.47373
35.58939	-83.47373
35.58939	-83.47373
35.5894	-83.47383
35.5894	-83.47383
35.58942	-83.47385
35.58942	-83.47385
35.58947	-83.47388
35.58947	-83.47388
35.58951	-83.47391
35.58951	-83.47391
35.58956	-83.47393
35.58956	-83.47393
35.58961	-83.47396
35.58961	-83.47396
35.58967	-83.47398
35.58967	-83.47398
35.58973	-83.474
35.58973	-83.474
35.58977	-83.47403
35.58977	-83.47403
35.58979	-83.47408
35.58979	-83.47408
35.58983	-83.47412
35.58983	-83.47412
35.58987	-83.47417
35.58987	-83.47417
35.5899	-83.47422
35.5899	-83.47422
35.58995	-83.47423
35.58995	-83.47423
35.59001	-83.47423
35.59001	-83.47423
35.59005	-83.47424
35.59005	-83.47424
35.59011	-83.47424
35.59011	-83.47424
35.59016	-83.47425
35.59016	-83.47425
35.59022	-83.47424
35.59022	-83.47424
35.59026	-83.47425
35.59026	-83.47425
35.59031	-83.47426
35.59031	-83.47426
35.59037	-83.47426
35.59037	-83.47426
35.59042	-83.47431
35.59042	-83.47431
35.59044	-83.47428
35.59044	-83.47428
35.59057	-83.47428
35.59057	-83.47428
35.59058	-83.47425
35.59058	-83.47425
35.59059	-83.47428
35.59059	-83.47428
35.59064	-83.47422
35.59064	-83.47422
35.59064	-83.47421
35.59064	-83.47421
35.5907	-83.47422
35.5907	-83.47422
35.59074	-83.4742
35.59074	-83.4742
35.59076	-83.47419
35.59076	-83.47419
35.59078	-83.47417
35.59078	-83.47417
35.59078	-83.47411
35.59078	-83.47411
35.59073	-83.47405
35.59073	-83.47405
35.59075	-83.474
35.59075	-83.474
35.5907	-83.47397
35.5907	-83.47397
35.59064	-83.47379
35.59064	-83.47379
35.59063	-83.4737
35.59063	-83.4737
35.59063	-83.47362
35.59063	-83.47362
35.59057	-83.47347
35.59057	-83.47347
35.59058	-83.47338
35.59058	-83.47338
35.59058	-83.47331
35.59058	-83.47331
35.59056	-83.4732
35.59056	-83.4732
35.59055	-83.47312
35.59055	-83.47312
35.59054	-83.47306
35.59054	-83.47306
35.59044	-83.47304
35.59044	-83.47304
35.59046	-83.47291
35.59046	-83.47291
35.59044	-83.47289
35.59044	-83.47289
35.59043	-83.47285
35.59043	-83.47285
35.59039	-83.47279
35.59039	-83.47279
35.59037	-83.47273
35.59037	-83.47273
35.59039	-83.4726
35.59039	-83.4726
35.59031	-83.47261
35.59031	-83.47261
35.59035	-83.47259
35.59035	-83.47259
35.59035	-83.47257
35.59035	-83.47257
35.59035	-83.47251
35.59035	-83.47251
35.59036	-83.47241
35.59036	-83.47241
35.59038	-83.47229
35.59038	-83.47229
35.59044	-83.47223
35.59044	-83.47223
35.59045	-83.47216
35.59045	-83.47216
35.59046	-83.47205
35.59046	-83.47205
35.59051	-83.47181
35.59051	-83.47181
35.59049	-83.47174
35.59049	-83.47174
35.5905	-83.4717
35.5905	-83.4717
35.5905	-83.4717
35.5905	-83.4717
35.59051	-83.47165
35.59051	-83.47165
35.5905	-83.47158
35.5905	-83.47158
35.5905	-83.47143
35.5905	-83.47143
35.59049	-83.47115
35.59049	-83.47115
35.59046	-83.47112
35.59046	-83.47112
35.5905	-83.47105
35.5905	-83.47105
35.59047	-83.47082
35.59047	-83.47082
35.59046	-83.47075
35.59046	-83.47075
35.59048	-83.47054
35.59048	-83.47054
35.59049	-83.47048
35.59049	-83.47048
35.59051	-83.47044
35.62188	-83.39827
35.62189	-83.39808
35.62189	-83.39808
35.62193	-83.39791
35.62193	-83.39791
35.62194	-83.39788
35.62194	-83.39788
35.62197	-83.39784
35.62197	-83.39784
35.62201	-83.39778
35.62201	-83.39778
35.62203	-83.39773
35.62203	-83.39773
35.62205	-83.39768
35.62205	-83.39768
35.62208	-83.39765
35.62208	-83.39765
35.62211	-83.39761
35.62211	-83.39761
35.62216	-83.39754
35.62216	-83.39754
35.6222	-83.39751
35.6222	-83.39751
35.62223	-83.39747
35.62223	-83.39747
35.62223	-83.39747
35.62223	-83.39747
35.62224	-83.39746
35.62224	-83.39746
35.62228	-83.39742
35.62228	-83.39742
35.62233	-83.39741
35.62233	-83.39741
35.62238	-83.39741
35.62238	-83.39741
35.62244	-83.39739
35.62244	-83.39739
35.62249	-83.39735
35.62249	-83.39735
35.6226	-83.39731
35.6226	-83.39731
35.62263	-83.39729
35.62263	-83.39729
35.62269	-83.39727
35.62269	-83.39727
35.62272	-83.3972
35.62272	-83.3972
35.62276	-83.39713
35.62276	-83.39713
35.62278	-83.39705
35.62278	-83.39705
35.62281	-83.39702
35.62281	-83.39702
35.62283	-83.39695
35.62283	-83.39695
35.62284	-83.39688
35.62284	-83.39688
35.62285	-83.39679
35.62285	-83.39679
35.62285	-83.39672
35.62285	-83.39672
35.62284	-83.39664
35.62284	-83.39664
35.62281	-83.3965
35.62281	-83.3965
35.62275	-83.39632
35.62275	-83.39632
35.62275	-83.39631
35.62275	-83.39631
35.62275	-83.39628
35.62275	-83.39628
35.62276	-83.39619
35.62276	-83.39619
35.62277	-83.39611
35.62277	-83.39611
35.62282	-83.39609
35.62282	-83.39609
35.62283	-83.39597
35.62283	-83.39597
35.62285	-83.39594
35.62285	-83.39594
35.62285	-83.39594
35.62285	-83.39594
35.62288	-83.39594
35.62288	-83.39594
35.62291	-83.39578
35.62291	-83.39578
35.62294	-83.39572
35.62294	-83.39572
35.62296	-83.39565
35.62296	-83.39565
35.62301	-83.39559
35.62301	-83.39559
35.62304	-83.39553
35.62304	-83.39553
35.62308	-83.39551
35.62308	-83.39551
35.62314	-83.39545
35.62314	-83.39545
35.62317	-83.39539
35.62317	-83.39539
35.62322	-83.39534
35.62322	-83.39534
35.62328	-83.39528
35.62328	-83.39528
35.62331	-83.39523
35.62331	-83.39523
35.62333	-83.39521
35.62333	-83.39521
35.62335	-83.39513
35.62335	-83.39513
35.62339	-83.3951
35.62339	-83.3951
35.62342	-83.39506
35.62342	-83.39506
35.62344	-83.39502
35.62344	-83.39502
35.62347	-83.39497
35.62347	-83.39497
35.62351	-83.39491
35.62351	-83.39491
35.62354	-83.39486
35.62354	-83.39486
35.62359	-83.39483
35.62359	-83.39483
35.62364	-83.39478
35.62364	-83.39478
35.62376	-83.39472
35.62376	-83.39472
35.62397	-83.39464
35.62397	-83.39464
35.62398	-83.39461
35.62398	-83.39461
35.62407	-83.39459
35.62407	-83.39459
35.6241	-83.39458
35.6241	-83.39458
35.62427	-83.39447
35.62427	-83.39447
35.6243	-83.39443
35.6243	-83.39443
35.62437	-83.39437
35.62437	-83.39437
35.6244	-83.39433
35.6244	-83.39433
35.62442	-83.39429
35.62442	-83.39429
35.62449	-83.39415
35.62449	-83.39415
35.62453	-83.39413
35.62453	-83.39413
35.62455	-83.39407
35.62455	-83.39407
35.62457	-83.39403
35.62457	-83.39403
35.62458	-83.394
35.62458	-83.394
35.62459	-83.394
35.62459	-83.394
35.62461	-83.39394
35.62461	-83.39394
35.62464	-83.39385
35.62464	-83.39385
35.62465	-83.39379
35.62465	-83.39379
35.62466	-83.39375
35.62466	-83.39375
35.62469	-83.3937
35.62469	-83.3937
35.62473	-83.39357
35.62473	-83.39357
35.62476	-83.39352
35.62476	-83.39352
35.62478	-83.39349
35.62478	-83.39349
35.6248	-83.39344
35.6248	-83.39344
35.62484	-83.39329
35.62484	-83.39329
35.62488	-83.39328
35.62488	-83.39328
35.62491	-83.39319
35.62491	-83.39319
35.62489	-83.39298
35.62489	-83.39298
35.62495	-83.39299
35.62495	-83.39299
35.62498	-83.39292
35.62498	-83.39292
35.62508	-83.39285
35.62508	-83.39285
35.62518	-83.39279
35.62518	-83.39279
35.62524	-83.39277
35.62524	-83.39277
35.62526	-83.3927
35.62526	-83.3927
35.62532	-83.39269
35.62532	-83.39269
35.62541	-83.39275
35.62541	-83.39275
35.62546	-83.39274
35.62546	-83.39274
35.62552	-83.39271
35.62552	-83.39271
35.62562	-83.39263
35.62562	-83.39263
35.62572	-83.39254
35.62572	-83.39254
35.62577	-83.39249
35.62577	-83.39249
35.62583	-83.39244
35.62583	-83.39244
35.62588	-83.39238
35.62588	-83.39238
35.62593	-83.39233
35.62593	-83.39233
35.62598	-83.39228
35.62598	-83.39228
35.62603	-83.39222
35.62603	-83.39222
35.62605	-83.39212
35.62605	-83.39212
35.62614	-83.39213
35.62614	-83.39213
35.62625	-83.39211
35.62625	-83.39211
35.62636	-83.39207
35.62636	-83.39207
35.62646	-83.39201
35.62646	-83.39201
35.6265	-83.39196
35.6265	-83.39196
35.62653	-83.3919
35.62653	-83.3919
35.62656	-83.39184
35.62656	-83.39184
35.62664	-83.39172
35.62664	-83.39172
35.62668	-83.39166
35.62668	-83.39166
35.62671	-83.39158
35.62671	-83.39158
35.62675	-83.3915
35.62675	-83.3915
35.62683	-83.39142
35.62683	-83.39142
35.6269	-83.39132
35.6269	-83.39132
35.62694	-83.39127
35.62694	-83.39127
35.62698	-83.39122
35.62698	-83.39122
35.62703	-83.39118
35.62703	-83.39118
35.62712	-83.39115
35.62712	-83.39115
35.62715	-83.39114
35.62715	-83.39114
35.62758	-83.39099
35.62758	-83.39099
35.6277	-83.39098
35.6277	-83.39098
35.62775	-83.39094
35.62775	-83.39094
35.62786	-83.3909
35.62786	-83.3909
35.62791	-83.39088
35.62791	-83.39088
35.62809	-83.39082
35.62809	-83.39082
35.62809	-83.39082
35.62809	-83.39082
35.62815	-83.3908
35.62815	-83.3908
35.6282	-83.39076
35.6282	-83.39076
35.62831	-83.39072
35.62831	-83.39072
35.62835	-83.39069
35.62835	-83.39069
35.62836	-83.39066
35.62836	-83.39066
35.62836	-83.39035
35.62836	-83.39035
35.62838	-83.39024
35.62838	-83.39024
35.62838	-83.39024
35.62838	-83.39024
35.62832	-83.39008
35.62832	-83.39008
35.62839	-83.38995
35.62839	-83.38995
35.62838	-83.38983
35.62838	-83.38983
35.6285	-83.38966
35.6285	-83.38966
35.62865	-83.38954
35.62865	-83.38954
35.62886	-83.38948
35.62886	-83.38948
35.62886	-83.38941
35.62886	-83.38941
35.62896	-83.38936
35.62896	-83.38936
35.62896	-83.38936
35.62896	-83.38936
35.62906	-83.3893
35.62906	-83.3893
35.62934	-83.38911
35.62934	-83.38911
35.62939	-83.38909
35.62939	-83.38909
35.62945	-83.38905
35.62945	-83.38905
35.62954	-83.38896
35.62954	-83.38896
35.62968	-83.38885
35.62968	-83.38885
35.62971	-83.38881
35.62971	-83.38881
35.62973	-83.38874
35.62973	-83.38874
35.62976	-83.38871
35.62976	-83.38871
35.62979	-83.38865
35.62979	-83.38865
35.62984	-83.3885
35.62984	-83.3885
35.62995	-83.38817
35.62995	-83.38817
35.63004	-83.38756
35.63004	-83.38756
35.63004	-83.3875
35.63004	-83.3875
35.63009	-83.38711
35.63009	-83.38711
35.63004	-83.38705
35.63004	-83.38705
35.63001	-83.3869
35.63001	-83.3869
35.63	-83.38682
35.63	-83.38682
35.62997	-83.38667
35.62997	-83.38667
35.62997	-83.38667
35.62997	-83.38667
35.63001	-83.38646
35.63001	-83.38646
35.63002	-83.38631
35.63026	-83.38638
35.63026	-83.38638
35.63026	-83.38638
35.63026	-83.38639
35.63026	-83.38639
35.63029	-83.38642
35.63029	-83.38642
35.63033	-83.38647
35.67486	-83.28914
35.67489	-83.28907
35.67489	-83.28907
35.67494	-83.28902
35.67494	-83.28902
35.67494	-83.28902
35.67494	-83.28902
35.67496	-83.28899
35.67496	-83.28899
35.67498	-83.28896
35.67498	-83.28896
35.6751	-83.28862
35.6751	-83.28862
35.67509	-83.28857
35.67509	-83.28857
35.67508	-83.28851
35.67508	-83.28851
35.67458	-83.28737
35.67458	-83.28737
35.67458	-83.28736
35.67458	-83.28736
35.67458	-83.28736
35.67458	-83.28736
35.67458	-83.2873
35.67458	-83.2873
35.67457	-83.28725
35.67457	-83.28725
35.67457	-83.28716
35.67457	-83.28716
35.67457	-83.28716
35.67457	-83.28716
35.67457	-83.2871
35.67457	-83.2871
35.67457	-83.28703
35.67457	-83.28703
35.67451	-83.28685
35.67451	-83.28685
35.6745	-83.28681
35.6745	-83.28681
35.6745	-83.28674
35.6745	-83.28674
35.6745	-83.28668
35.67445	-83.28517
35.67445	-83.28504
35.67445	-83.28504
35.67446	-83.285
35.67446	-83.285
35.67446	-83.28495
35.67446	-83.28495
35.67447	-83.28489
35.67447	-83.28489
35.67446	-83.28483
35.67446	-83.28483
35.67448	-83.28477
35.67448	-83.28477
35.6745	-83.28474
35.6745	-83.28474
35.6745	-83.28466
35.6745	-83.28466
35.6745	-83.28462
35.6745	-83.28462
35.6745	-83.28445
35.6745	-83.28445
35.67442	-83.28436
35.67442	-83.28436
35.67452	-83.28425
35.67452	-83.28425
35.67451	-83.2842
35.67451	-83.2842
35.67444	-83.28415
35.67444	-83.28415
35.67451	-83.2841
35.67451	-83.2841
35.67453	-83.28409
35.67453	-83.28409
35.6745	-83.284
35.6745	-83.284
35.67453	-83.28394
35.67453	-83.28394
35.67449	-83.28386
35.67449	-83.28386
35.67453	-83.28383
35.67453	-83.28383
35.67456	-83.28377
35.67456	-83.28377
35.67462	-83.28367
35.67462	-83.28367
35.67465	-83.28359
35.67465	-83.28359
35.6748	-83.28351
35.6748	-83.28351
35.67482	-83.28347
35.67482	-83.28347
35.67484	-83.28341
35.67484	-83.28341
35.67488	-83.28336
35.67488	-83.28336
35.67494	-83.28326
35.67494	-83.28326
35.67497	-83.28319
35.67497	-83.28319
35.67507	-83.28309
35.67507	-83.28309
35.67506	-83.28301
35.67506	-83.28301
35.67511	-83.28296
35.67511	-83.28296
35.67525	-83.28281
35.67525	-83.28281
35.67528	-83.28273
35.67528	-83.28273
35.67531	-83.28268
35.67531	-83.28268
35.67536	-83.28264
35.67536	-83.28264
35.6754	-83.2826
35.6754	-83.2826
35.67553	-83.28245
35.67553	-83.28245
35.676	-83.28229
35.676	-83.28229
35.67621	-83.28226
35.67621	-83.28226
35.67646	-83.28211
35.67646	-83.28211
35.67657	-83.28208
35.67657	-83.28208
35.6767	-83.28203
35.6767	-83.28203
35.67674	-83.282
35.67674	-83.282
35.67682	-83.28196
35.67682	-83.28196
35.67707	-83.28182
35.67707	-83.28182
35.67712	-83.28183
35.67712	-83.28183
35.67723	-83.28174
35.67723	-83.28174
35.67729	-83.28171
35.67729	-83.28171
35.67735	-83.28174
35.67735	-83.28174
35.67739	-83.28165
35.67739	-83.28165
35.67743	-83.28162
35.67743	-83.28162
35.67746	-83.28163
35.67746	-83.28163
35.67753	-83.28156
35.67753	-83.28156
35.67753	-83.28152
35.67753	-83.28152
35.67758	-83.28147
35.67758	-83.28147
35.67763	-83.28138
35.67763	-83.28138
35.67769	-83.28136
35.67769	-83.28136
35.67774	-83.28128
35.67774	-83.28128
35.67776	-83.2812
35.67776	-83.2812
35.67778	-83.28114
35.67778	-83.28114
35.67779	-83.28113
35.67779	-83.28113
35.67779	-83.28113
35.67779	-83.28113
35.67781	-83.28107
35.67781	-83.28107
35.67783	-83.28099
35.67783	-83.28099
35.67792	-83.28082
35.67792	-83.28082
35.67796	-83.28064
35.67796	-83.28064
35.67799	-83.28054
35.67799	-83.28054
35.67799	-83.28025
35.67799	-83.28025
35.67804	-83.28012
35.67804	-83.28012
35.67804	-83.27993
35.67804	-83.27993
35.6781	-83.27995
35.6781	-83.27995
35.67804	-83.2798
35.67804	-83.2798
35.67808	-83.27971
35.67808	-83.27971
35.67805	-83.27966
35.67805	-83.27966
35.67813	-83.27966
35.67813	-83.27966
35.67815	-83.27958
35.67815	-83.27958
35.67815	-83.27954
35.67815	-83.27954
35.67815	-83.27953
35.67815	-83.27953
35.67815	-83.27953
35.67815	-83.27953
35.67815	-83.27952
35.67815	-83.27952
35.67815	-83.27952
35.67815	-83.27952
35.67815	-83.27952
35.67815	-83.27952
35.67815	-83.27951
35.67815	-83.27951
35.67809	-83.27931
35.67809	-83.27931
35.67812	-83.27913
35.67812	-83.27913
35.67815	-83.27903
35.67815	-83.27903
35.67816	-83.27892
35.67816	-83.27892
35.67818	-83.27896
35.68132	-83.27171
35.68134	-83.27167
35.68134	-83.27167
35.68137	-83.27163
35.68137	-83.27163
35.68145	-83.27156
35.68145	-83.27156
35.68152	-83.2714
35.68152	-83.2714
35.68155	-83.27135
35.68155	-83.27135
35.68158	-83.2713
35.68158	-83.2713
35.68159	-83.27124
35.68159	-83.27124
35.6816	-83.27119
35.6816	-83.27119
35.68162	-83.27113
35.68162	-83.27113
35.68165	-83.27105
35.68165	-83.27105
35.6817	-83.27095
35.6817	-83.27095
35.68177	-83.27079
35.68177	-83.27079
35.68178	-83.27075
35.68178	-83.27075
35.6818	-83.2707
35.6818	-83.2707
35.68181	-83.27065
35.68181	-83.27065
35.68187	-83.27057
35.68187	-83.27057
35.68186	-83.27047
35.68186	-83.27047
35.68191	-83.27024
35.68191	-83.27024
35.68193	-83.27013
35.68193	-83.27013
35.68194	-83.27008
35.68194	-83.27008
35.68201	-83.26983
35.68201	-83.26983
35.68204	-83.26976
35.68204	-83.26976
35.68205	-83.2697
35.68205	-83.2697
35.68206	-83.26965
35.68206	-83.26965
35.68208	-83.2696
35.68208	-83.2696
35.6821	-83.26951
35.6821	-83.26951
35.68212	-83.26945
35.68212	-83.26945
35.68214	-83.26941
35.68214	-83.26941
35.6822	-83.26935
35.6822	-83.26935
35.6822	-83.26935
35.6822	-83.26935
35.68247	-83.26944
35.68247	-83.26944
35.68252	-83.26943
35.68252	-83.26943
35.68293	-83.26948
35.68293	-83.26948
35.68327	-83.26951
35.68327	-83.26951
35.6837	-83.26955
35.6837	-83.26955
35.68403	-83.26958
35.68403	-83.26958
35.68434	-83.26961
35.68434	-83.26961
35.68452	-83.26964
35.68452	-83.26964
35.68474	-83.26962
35.68474	-83.26962
35.68487	-83.26961
35.68487	-83.26961
35.68504	-83.26959
35.68504	-83.26959
35.68517	-83.26955
35.68517	-83.26955
35.68546	-83.26951
35.68546	-83.26951
35.68574	-83.26943
35.68574	-83.26943
35.68594	-83.26937
35.68594	-83.26937
35.68602	-83.2693
35.68602	-83.2693
35.68604	-83.2692
35.68604	-83.2692
35.68603	-83.26913
35.68603	-83.26913
35.68606	-83.26908
35.68606	-83.26908
35.68616	-83.26906
35.68616	-83.26906
35.68633	-83.26903
35.68633	-83.26903
35.6865	-83.26906
35.6865	-83.26906
35.68671	-83.26907
35.68671	-83.26907
35.68688	-83.2691
35.68688	-83.2691
35.68701	-83.26913
35.68701	-83.26913
35.68714	-83.26912
35.68714	-83.26912
35.68714	-83.26912
35.68714	-83.26912
35.6872	-83.26909
35.6872	-83.26909
35.68728	-83.26906
35.68728	-83.26906
35.68733	-83.26904
35.68733	-83.26904
35.68738	-83.26902
35.68738	-83.26902
35.68743	-83.269
35.68743	-83.269
35.68752	-83.26895
35.68752	-83.26895
35.68755	-83.26891
35.68755	-83.26891
35.6876	-83.26889
35.6876	-83.26889
35.68763	-83.26887
35.68763	-83.26887
35.68767	-83.26882
35.68767	-83.26882
35.68768	-83.26881
35.68768	-83.26881
35.68768	-83.26881
35.68768	-83.26881
35.68773	-83.26875
35.68773	-83.26875
35.68776	-83.26872
35.68776	-83.26872
35.68779	-83.26867
35.68779	-83.26867
35.68782	-83.26863
35.68782	-83.26863
35.68797	-83.2685
35.68797	-83.2685
35.68804	-83.26852
35.68804	-83.26852
35.68809	-83.26851
35.68809	-83.26851
35.68815	-83.26848
35.68815	-83.26848
35.68824	-83.26846
35.68824	-83.26846
35.68827	-83.26838
35.68827	-83.26838
35.68833	-83.26833
35.68833	-83.26833
35.68839	-83.26829
35.68839	-83.26829
35.68846	-83.26823
35.68846	-83.26823
35.68849	-83.26817
35.68849	-83.26817
35.68852	-83.2681
35.68852	-83.2681
35.68851	-83.26802
35.68851	-83.26802
35.68851	-83.26794
35.68851	-83.26794
35.68851	-83.26786
35.68851	-83.26786
35.68853	-83.26779
35.68853	-83.26779
35.68853	-83.26771
35.68853	-83.26771
35.68855	-83.26763
35.68855	-83.26763
35.68856	-83.26758
35.68856	-83.26758
35.68857	-83.26749
35.68857	-83.26749
35.68857	-83.2674
35.68857	-83.2674
35.68861	-83.26735
35.68861	-83.26735
35.68863	-83.26725
35.68863	-83.26725
35.68866	-83.26719
35.68866	-83.26719
35.68868	-83.26713
35.68868	-83.26713
35.68869	-83.26706
35.68869	-83.26706
35.68871	-83.267
35.68871	-83.267
35.6888	-83.26695
35.6888	-83.26695
35.68875	-83.26683
35.68875	-83.26683
35.68874	-83.26674
35.68874	-83.26674
35.68874	-83.26668
35.68874	-83.26668
35.68876	-83.26663
35.68876	-83.26663
35.68876	-83.26657
35.68876	-83.26657
35.68877	-83.26652
35.68877	-83.26652
35.68878	-83.26645
35.68878	-83.26645
35.68881	-83.26641
35.68881	-83.26641
35.68881	-83.26634
35.68881	-83.26634
35.68883	-83.26631
35.68883	-83.26631
35.68884	-83.26623
35.68884	-83.26623
35.68878	-83.26608
35.68878	-83.26608
35.68878	-83.266
35.68878	-83.266
35.68878	-83.26592
35.68878	-83.26592
35.68873	-83.26579
35.68873	-83.26579
35.6887	-83.26571
35.6887	-83.26571
35.68863	-83.26566
35.68863	-83.26566
35.68854	-83.26552
35.68854	-83.26552
35.68851	-83.26546
35.68851	-83.26546
35.68833	-83.26539
35.68833	-83.26539
35.68828	-83.26536
35.68828	-83.26536
35.68822	-83.26535
35.68822	-83.26535
35.68815	-83.26528
35.68815	-83.26528
35.68818	-83.26517
35.68818	-83.26517
35.68816	-83.2651
35.68816	-83.2651
35.68802	-83.26498
35.68802	-83.26498
35.68799	-83.26487
35.68799	-83.26487
35.68797	-83.2648
35.68797	-83.2648
35.68787	-83.26433
35.68787	-83.26433
35.68787	-83.26433
35.68787	-83.26433
35.68787	-83.2643
35.68787	-83.2643
35.68788	-83.26434
35.68788	-83.26434
35.68787	-83.26433
35.68787	-83.26433
35.68787	-83.26433
35.68787	-83.26433
35.68775	-83.2641
35.68775	-83.2641
35.68776	-83.26407
35.68776	-83.26407
35.68775	-83.264
35.68775	-83.264
35.68777	-83.26399
35.68777	-83.26399
35.68773	-83.26387
35.68773	-83.26387
35.68773	-83.26379
35.68773	-83.26379
35.68777	-83.2638
35.68777	-83.2638
35.68775	-83.26367
35.68775	-83.26367
35.68777	-83.26361
35.68777	-83.26361
35.68778	-83.26356
35.68778	-83.26356
35.68781	-83.26354
35.68781	-83.26354
35.6878	-83.26344
35.6878	-83.26344
35.68782	-83.26343
35.68782	-83.26343
35.68783	-83.26338
35.68783	-83.26338
35.68784	-83.26332
35.68784	-83.26332
35.68782	-83.26324
35.68782	-83.26324
35.68781	-83.26321
35.68781	-83.26321
35.68783	-83.26314
35.68783	-83.26314
35.68784	-83.26308
35.68784	-83.26308
35.68786	-83.26302
35.68786	-83.26302
35.68788	-83.26297
35.68788	-83.26297
35.6879	-83.2629
35.6879	-83.2629
35.68793	-83.26285
35.68793	-83.26285
35.68794	-83.26279
35.68794	-83.26279
35.68796	-83.26269
35.68796	-83.26269
35.68799	-83.26264
35.68799	-83.26264
35.68802	-83.26258
35.68802	-83.26258
35.68805	-83.26254
35.68805	-83.26254
35.68808	-83.2625
35.68808	-83.2625
35.68812	-83.26247
35.68812	-83.26247
35.68817	-83.26243
35.68817	-83.26243
35.68821	-83.26241
35.68821	-83.26241
35.68827	-83.26242
35.68827	-83.26242
35.68831	-83.2624
35.68831	-83.2624
35.68856	-83.26236
35.68856	-83.26236
35.68856	-83.26236
35.68856	-83.26236
35.68871	-83.26221
35.68871	-83.26221
35.6888	-83.26209
35.6888	-83.26209
35.68891	-83.26202
35.68891	-83.26202
35.68917	-83.26198
35.68917	-83.26198
35.68931	-83.26199
35.68931	-83.26199
35.68942	-83.26203
35.68942	-83.26203
35.68942	-83.26203
35.68942	-83.26203
35.68943	-83.26203
35.68943	-83.26203
35.68949	-83.26204
35.68949	-83.26204
35.68958	-83.26202
35.68958	-83.26202
35.68963	-83.26197
35.68963	-83.26197
35.68968	-83.26192
35.68968	-83.26192
35.68974	-83.26187
35.68974	-83.26187
35.68978	-83.26182
35.68978	-83.26182
35.68981	-83.26177
35.68981	-83.26177
35.68984	-83.26172
35.68984	-83.26172
35.68989	-83.26167
35.68989	-83.26167
35.68989	-83.2616
35.68989	-83.2616
35.68992	-83.26148
35.68992	-83.26148
35.68994	-83.26141
35.68994	-83.26141
35.68995	-83.26126
35.68995	-83.26126
35.69003	-83.26121
35.69003	-83.26121
35.69003	-83.26121
35.69003	-83.26121
35.69009	-83.26116
35.69009	-83.26116
35.69003	-83.26102
35.69003	-83.26102
35.69003	-83.26093
35.69003	-83.26093
35.69006	-83.26078
35.69006	-83.26078
35.69007	-83.26071
35.69007	-83.26071
35.6902	-83.26052
35.6902	-83.26052
35.6902	-83.26042
35.6902	-83.26042
35.6902	-83.26033
35.6902	-83.26033
35.69022	-83.26021
35.69022	-83.26021
35.6902	-83.25988
35.6902	-83.25988
35.69021	-83.25977
35.69021	-83.25977
35.69014	-83.25967
35.69014	-83.25967
35.69011	-83.25959
35.69011	-83.25959
35.69012	-83.25952
35.69012	-83.25952
35.69008	-83.25945
35.69008	-83.25945
35.69008	-83.25932
35.69008	-83.25932
35.69016	-83.25913
35.69016	-83.25913
35.69022	-83.25909
35.69022	-83.25909
35.69026	-83.25909
35.69026	-83.25909
35.69041	-83.25901
35.69367	-83.25718
35.69379	-83.25709
35.69379	-83.25709
35.6939	-83.25698
35.6939	-83.25698
35.69401	-83.25698
35.69401	-83.25698
35.69413	-83.25692
35.69413	-83.25692
35.69419	-83.25686
35.69419	-83.25686
35.69424	-83.2568
35.69424	-83.2568
35.6944	-83.25668
35.6944	-83.25668
35.69446	-83.2566
35.69446	-83.2566
35.69457	-83.2566
35.69457	-83.2566
35.69474	-83.25664
35.69474	-83.25664
35.6949	-83.25654
35.6949	-83.25654
35.69506	-83.25647
35.69506	-83.25647
35.6951	-83.25636
35.6951	-83.25636
35.69514	-83.25626
35.69514	-83.25626
35.69515	-83.25617
35.69515	-83.25617
35.69523	-83.25611
35.69523	-83.25611
35.69526	-83.25601
35.69526	-83.25601
35.69535	-83.25592
35.69535	-83.25592
35.69552	-83.25575
35.69552	-83.25575
35.69568	-83.25561
35.69568	-83.25561
35.69584	-83.25547
35.69584	-83.25547
35.69604	-83.25538
35.69604	-83.25538
35.69635	-83.25531
35.69635	-83.25531
35.69649	-83.25527
35.69649	-83.25527
35.69662	-83.25527
35.69662	-83.25527
35.69678	-83.25521
35.69678	-83.25521
35.69694	-83.25522
35.69694	-83.25522
35.69719	-83.25515
35.69719	-83.25515
35.69741	-83.2551
35.69741	-83.2551
35.69767	-83.25512
35.69767	-83.25512
35.69778	-83.25506
35.69778	-83.25506
35.69795	-83.25506
35.69795	-83.25506
35.69807	-83.25518
35.69807	-83.25518
35.69812	-83.25528
35.69812	-83.25528
35.69817	-83.25533
35.69817	-83.25533
35.69819	-83.25545
35.69819	-83.25545
35.69833	-83.25553
35.69833	-83.25553
35.69845	-83.2556
35.69845	-83.2556
35.69845	-83.2556
35.69845	-83.2556
35.69847	-83.25563
35.69847	-83.25563
35.69874	-83.25562
35.69874	-83.25562
35.69893	-83.25567
35.69893	-83.25567
35.69928	-83.25567
35.69928	-83.25567
35.69952	-83.25561
35.69952	-83.25561
35.69982	-83.25554
35.69982	-83.25554
35.70003	-83.25548
35.70003	-83.25548
35.70013	-83.2555
35.70013	-83.2555
35.70013	-83.2555
35.70013	-83.2555
35.70018	-83.25552
35.70018	-83.25552
35.70023	-83.25552
35.70023	-83.25552
35.70035	-83.25552
35.70035	-83.25552
35.70046	-83.25552
35.70046	-83.25552
35.70056	-83.25553
35.70056	-83.25553
35.70074	-83.25553
35.70074	-83.25553
35.70082	-83.25553
35.70082	-83.25553
35.70087	-83.25553
35.70087	-83.25553
35.70093	-83.25553
35.70093	-83.25553
35.70101	-83.25551
35.70101	-83.25551
35.70126	-83.2555
35.70126	-83.2555
35.70139	-83.25554
35.70139	-83.25554
35.70141	-83.25553
35.70141	-83.25553
35.70146	-83.25552
35.70146	-83.25552
35.70149	-83.25553
35.70149	-83.25553
35.70153	-83.25554
35.70153	-83.25554
35.70158	-83.2556
35.70158	-83.2556
35.70159	-83.25562
35.70159	-83.25562
35.70159	-83.25562
35.70159	-83.25562
35.70162	-83.25566
35.70162	-83.25566
35.70211	-83.25623
35.70211	-83.25623
35.7022	-83.25636
35.7022	-83.25636
35.70229	-83.25648
35.70229	-83.25648
35.70231	-83.25652
35.70231	-83.25652
35.70235	-83.25661
35.70235	-83.25661
35.7024	-83.25674
35.7024	-83.25674
35.70241	-83.25674
35.70241	-83.25674
35.7024	-83.25674
35.7024	-83.25674
35.70248	-83.25686
35.70248	-83.25686
35.70254	-83.25703
35.70254	-83.25703
35.70259	-83.25712
35.70259	-83.25712
35.70265	-83.25722
35.70265	-83.25722
35.70266	-83.25734
35.70266	-83.25734
35.70269	-83.25753
35.70269	-83.25753
35.70271	-83.25776
35.70271	-83.25776
35.7027	-83.25788
35.7027	-83.25788
35.70271	-83.25805
35.70271	-83.25805
35.70271	-83.25824
35.70271	-83.25824
35.70268	-83.25843
35.70268	-83.25843
35.7027	-83.25854
35.7027	-83.25854
35.70269	-83.25861
35.70269	-83.25861
35.70269	-83.25869
35.70269	-83.25869
35.70272	-83.25887
35.70272	-83.25887
35.70272	-83.25887
35.70272	-83.25887
35.70273	-83.25899
35.70273	-83.25899
35.70278	-83.25934
35.70278	-83.25934
35.70281	-83.25945
35.70281	-83.25945
35.70285	-83.25962
35.70285	-83.25962
35.70286	-83.25967
35.70286	-83.25967
35.70294	-83.26024
35.70294	-83.26024
35.70294	-83.26033
35.70294	-83.26033
35.70294	-83.26045
35.70294	-83.26045
35.70294	-83.26075
35.70294	-83.26075
35.70297	-83.26085
35.70297	-83.26085
35.70287	-83.26121
35.70287	-83.26121
35.70287	-83.26123
35.70287	-83.26123
35.70287	-83.26123
35.70287	-83.26123
35.70283	-83.26138
35.70283	-83.26138
35.70282	-83.26144
35.70282	-83.26144
35.70281	-83.26149
35.70281	-83.26149
35.70281	-83.26155
35.70281	-83.26155
35.70279	-83.26168
35.70279	-83.26168
35.7028	-83.26173
35.7028	-83.26173
35.7028	-83.26177
35.7028	-83.26177
35.7028	-83.26178
35.7028	-83.26178
35.7028	-83.26185
35.7028	-83.26185
35.70282	-83.26189
35.70282	-83.26189
35.70286	-83.26192
35.70286	-83.26192
35.70298	-83.26203
35.70298	-83.26203
35.70302	-83.26205
35.70302	-83.26205
35.70331	-83.26217
35.70331	-83.26217
35.70332	-83.26218
35.70332	-83.26218
35.7034	-83.26223
35.7034	-83.26223
35.70344	-83.26226
35.70344	-83.26226
35.70345	-83.2623
35.70345	-83.2623
35.70356	-83.26235
35.70356	-83.26235
35.70364	-83.26239
35.70364	-83.26239
35.70368	-83.26243
35.70368	-83.26243
35.70373	-83.26246
35.70373	-83.26246
35.70382	-83.26253
35.70382	-83.26253
35.70386	-83.26256
35.70386	-83.26256
35.70391	-83.26259
35.70391	-83.26259
35.70395	-83.26263
35.70395	-83.26263
35.70406	-83.26274
35.70406	-83.26274
35.70409	-83.26277
35.70409	-83.26277
35.70413	-83.2628
35.70413	-83.2628
35.70417	-83.26283
35.70417	-83.26283
35.70417	-83.26284
35.70417	-83.26284
35.70417	-83.26284
35.70417	-83.26284
35.70417	-83.26284
35.70417	-83.26284
35.70417	-83.26284
35.70417	-83.26284
35.70418	-83.26287
35.70418	-83.26287
35.70422	-83.26291
35.70422	-83.26291
35.70428	-83.263
35.70428	-83.263
35.70442	-83.26318
35.70442	-83.26318
35.70446	-83.26329
35.70446	-83.26329
35.7045	-83.26333
35.7045	-83.26333
35.70454	-83.26335
35.70454	-83.26335
35.70457	-83.26338
35.70457	-83.26338
35.7046	-83.26343
35.7046	-83.26343
35.70461	-83.26343
35.70461	-83.26343
35.70465	-83.26346
35.70465	-83.26346
35.70468	-83.26351
35.70468	-83.26351
35.70474	-83.26354
35.70474	-83.26354
35.70478	-83.26358
35.70478	-83.26358
35.70483	-83.26361
35.70483	-83.26361
35.70488	-83.26362
35.70488	-83.26362
35.70493	-83.26365
35.70493	-83.26365
35.70498	-83.26368
35.70498	-83.26368
35.70503	-83.26369
35.70503	-83.26369
35.70509	-83.26369
35.70509	-83.26369
35.70519	-83.2637
35.70519	-83.2637
35.70527	-83.26365
35.70527	-83.26365
35.70538	-83.26357
35.70538	-83.26357
35.70538	-83.26356
35.70538	-83.26356
35.70538	-83.26356
35.70538	-83.26356
35.70589	-83.26302
35.70589	-83.26302
35.70593	-83.26298
35.70593	-83.26298
35.70599	-83.26294
35.70599	-83.26294
35.706	-83.26291
35.706	-83.26291
35.70601	-83.26289
35.70601	-83.26289
35.70604	-83.26284
35.70604	-83.26284
35.70607	-83.26279
35.70607	-83.26279
35.70615	-83.26269
35.70615	-83.26269
35.70625	-83.26251
35.70625	-83.26251
35.7064	-83.26215
35.7064	-83.26215
35.70652	-83.26202
35.70652	-83.26202
35.70653	-83.26192
35.70653	-83.26192
35.70656	-83.26187
35.70656	-83.26187
35.70671	-83.26147
35.70671	-83.26147
35.7068	-83.26116
35.7068	-83.26116
35.70681	-83.2611
35.70681	-83.2611
35.70683	-83.26084
35.70683	-83.26084
35.70694	-83.2605
35.70694	-83.2605
35.70696	-83.26043
35.70696	-83.26043
35.70696	-83.26037
35.70696	-83.26037
35.70696	-83.26035
35.70696	-83.26035
35.70696	-83.26035
35.70696	-83.26035
35.70695	-83.2603
35.70695	-83.2603
35.70701	-83.26017
35.70701	-83.26017
35.70702	-83.2601
35.70702	-83.2601
35.70703	-83.26003
35.70703	-83.26003
35.70704	-83.26002
35.70704	-83.26002
35.70704	-83.26002
35.70704	-83.26002
35.70705	-83.25999
35.70705	-83.25999
35.7071	-83.25995
35.7071	-83.25995
35.70714	-83.25982
35.70714	-83.25982
35.70716	-83.25977
35.70716	-83.25977
35.70717	-83.25978
35.70717	-83.25978
35.70723	-83.25962
35.70723	-83.25962
35.70727	-83.2595
35.70727	-83.2595
35.7073	-83.25945
35.7073	-83.25945
35.70737	-83.2594
35.70737	-83.2594
35.70743	-83.25933
35.70743	-83.25933
35.70746	-83.2593
35.70746	-83.2593
35.7075	-83.25923
35.7075	-83.25923
35.70752	-83.25917
35.70752	-83.25917
35.70754	-83.25913
35.70754	-83.25913
35.70754	-83.25903
35.70754	-83.25903
35.70756	-83.25898
35.70756	-83.25898
35.7076	-83.25884
35.7076	-83.25884
35.70762	-83.25877
35.70762	-83.25877
35.70765	-83.25871
35.70765	-83.25871
35.70766	-83.25863
35.70766	-83.25863
35.70767	-83.25856
35.70767	-83.25856
35.7077	-83.25847
35.7077	-83.25847
35.70772	-83.2584
35.70772	-83.2584
35.70775	-83.25834
35.70775	-83.25834
35.70777	-83.25829
35.70777	-83.25829
35.7078	-83.25822
35.7078	-83.25822
35.70782	-83.25815
35.70782	-83.25815
35.70782	-83.25815
35.70782	-83.25815
35.70782	-83.25815
35.70782	-83.25815
35.70783	-83.25807
35.70783	-83.25807
35.70785	-83.258
35.70785	-83.258
35.70799	-83.25768
35.70799	-83.25768
35.70816	-83.25691
35.70816	-83.25691
35.70821	-83.25668
35.70821	-83.25668
35.70831	-83.25653
35.70831	-83.25653
35.70833	-83.25647
35.70833	-83.25647
35.70846	-83.25614
35.70846	-83.25614
35.70851	-83.25596
35.70851	-83.25596
35.70855	-83.25593
35.70855	-83.25593
35.70855	-83.25593
35.70855	-83.25593
35.70863	-83.25587
35.70863	-83.25587
35.70866	-83.25571
35.70866	-83.25571
35.70869	-83.25565
35.70869	-83.25565
35.70872	-83.2556
35.70872	-83.2556
35.70875	-83.25553
35.70875	-83.25553
35.70881	-83.2554
35.70881	-83.2554
35.70886	-83.25534
35.70886	-83.25534
35.70901	-83.25511
35.70901	-83.25511
35.70903	-83.25506
35.70903	-83.25506
35.70906	-83.25499
35.70906	-83.25499
35.70912	-83.25493
35.70912	-83.25493
35.70913	-83.25486
35.70913	-83.25486
35.70916	-83.2548
35.70916	-83.2548
35.7092	-83.25475
35.7092	-83.25475
35.70925	-83.25472
35.70925	-83.25472
35.7093	-83.25467
35.7093	-83.25467
35.70933	-83.25464
35.70933	-83.25464
35.70937	-83.25459
35.70937	-83.25459
35.70941	-83.25453
35.70941	-83.25453
35.70944	-83.25449
35.70944	-83.25449
35.70952	-83.25439
35.70952	-83.25439
35.70957	-83.25434
35.70957	-83.25434
35.7096	-83.25429
35.7096	-83.25429
35.70965	-83.25428
35.70965	-83.25428
35.70968	-83.25428
35.70968	-83.25428
35.70969	-83.25428
35.70969	-83.25428
35.70973	-83.25421
35.70973	-83.25421
35.70978	-83.2542
35.70978	-83.2542
35.70986	-83.25417
35.70986	-83.25417
35.70996	-83.2541
35.70996	-83.2541
35.71004	-83.25402
35.71004	-83.25402
35.71008	-83.25399
35.71008	-83.25399
35.71012	-83.25393
35.71012	-83.25393
35.7102	-83.25382
35.7102	-83.25382
35.71025	-83.25377
35.71025	-83.25377
35.71029	-83.25372
35.71029	-83.25372
35.71039	-83.25364
35.71039	-83.25364
35.71052	-83.25354
35.71052	-83.25354
35.71056	-83.25351
35.71056	-83.25351
35.71059	-83.25346
35.71059	-83.25346
35.71063	-83.25342
35.71063	-83.25342
35.71066	-83.25334
35.71066	-83.25334
35.71081	-83.25324
35.71081	-83.25324
35.71087	-83.25319
35.71087	-83.25319
35.71097	-83.25312
35.71097	-83.25312
35.71102	-83.25306
35.71102	-83.25306
35.71123	-83.25305
35.71123	-83.25305
35.7114	-83.25312
35.7114	-83.25312
35.71152	-83.25318
35.71152	-83.25318
35.71156	-83.25318
35.71156	-83.25318
35.7116	-83.25321
35.7116	-83.25321
35.71161	-83.25321
35.71161	-83.25321
35.71165	-83.25324
35.71165	-83.25324
35.71165	-83.25324
35.71165	-83.25324
35.71165	-83.25324
35.71165	-83.25324
35.7117	-83.25327
35.7117	-83.25327
35.71175	-83.25332
35.71175	-83.25332
35.71198	-83.25346
35.71198	-83.25346
35.71202	-83.25349
35.71202	-83.25349
35.71227	-83.25369
35.71227	-83.25369
35.71234	-83.25376
35.71234	-83.25376
35.71247	-83.25397
35.71247	-83.25397
35.7125	-83.25399
35.7125	-83.25399
35.71293	-83.25433
35.71293	-83.25433
35.71298	-83.25437
35.71298	-83.25437
35.71301	-83.2544
35.71301	-83.2544
35.71301	-83.2544
35.71301	-83.2544
35.71308	-83.25446
35.71308	-83.25446
35.71311	-83.2545
35.71311	-83.2545
35.71314	-83.25455
35.71314	-83.25455
35.71322	-83.25467
35.71322	-83.25467
35.71323	-83.25468
35.71323	-83.25468
35.71327	-83.25473
35.71327	-83.25473
35.71327	-83.25473
35.71327	-83.25473
35.71331	-83.25478
35.71331	-83.25478
35.71377	-83.2558
35.71377	-83.2558
35.71389	-83.25617
35.71389	-83.25617
35.71389	-83.25617
35.71389	-83.25617
35.71395	-83.25624
35.71395	-83.25624
35.71405	-83.25637
35.71405	-83.25637
35.71421	-83.25649
35.71421	-83.25649
35.71433	-83.25658
35.71433	-83.25658
35.71451	-83.25671
35.71451	-83.25671
35.71476	-83.257
35.71476	-83.257
35.71491	-83.25716
35.71491	-83.25716
35.71508	-83.25716
35.71508	-83.25716
35.71521	-83.25703
35.71521	-83.25703
35.71521	-83.25703
35.71521	-83.25703
35.71523	-83.25699
35.71523	-83.25699
35.71527	-83.25693
35.71527	-83.25693
35.7153	-83.25687
35.7153	-83.25687
35.71534	-83.25681
35.71534	-83.25681
35.71535	-83.25679
35.71535	-83.25679
35.7154	-83.25675
35.7154	-83.25675
35.71544	-83.2567
35.71544	-83.2567
35.71548	-83.25665
35.71548	-83.25665
35.71552	-83.2566
35.71552	-83.2566
35.71553	-83.25658
35.71553	-83.25658
35.71553	-83.25658
35.71553	-83.25658
35.71556	-83.25656
35.71556	-83.25656
35.71556	-83.25656
35.71556	-83.25656
35.71557	-83.25656
35.71557	-83.25656
35.71626	-83.25633
35.71626	-83.25633
35.71648	-83.25619
35.71648	-83.25619
35.71652	-83.25615
35.71652	-83.25615
35.71659	-83.25603
35.71659	-83.25603
35.71664	-83.25596
35.71664	-83.25596
35.71664	-83.25592
35.71664	-83.25592
35.71671	-83.25581
35.71671	-83.25581
35.71673	-83.25575
35.71673	-83.25575
35.71684	-83.25555
35.71684	-83.25555
35.7172	-83.25502
35.7172	-83.25502
35.71755	-83.25461
35.71755	-83.25461
35.71759	-83.25458
35.71759	-83.25458
35.71759	-83.25458
35.71759	-83.25458
35.71759	-83.25458
35.71759	-83.25458
35.71759	-83.25458
35.71759	-83.25458
35.7176	-83.25457
35.7176	-83.25457
35.7176	-83.25457
35.7176	-83.25457
35.7176	-83.25457
35.7176	-83.25457
35.71773	-83.25449
35.71773	-83.25449
35.71809	-83.25406
35.71809	-83.25406
35.71813	-83.25399
35.71813	-83.25399
35.71813	-83.25399
35.71813	-83.25399
35.71815	-83.25395
35.71815	-83.25395
35.71817	-83.25389
35.71817	-83.25389
35.7182	-83.25376
35.7182	-83.25376
35.71821	-83.25369
35.71821	-83.25369
35.71823	-83.25363
35.71823	-83.25363
35.71828	-83.25345
35.71828	-83.25345
35.71829	-83.2534
35.71829	-83.2534
35.71831	-83.25334
35.71831	-83.25334
35.71834	-83.25329
35.71834	-83.25329
35.71835	-83.25321
35.71835	-83.25321
35.71847	-83.253
35.71847	-83.253
35.71849	-83.25294
35.71849	-83.25294
35.7185	-83.25287
35.7185	-83.25287
35.71855	-83.25286
35.71855	-83.25286
35.71862	-83.25275
35.71862	-83.25275
35.71862	-83.25275
35.71862	-83.25275
35.71863	-83.25275
35.71863	-83.25275
35.71866	-83.25268
35.71866	-83.25268
35.71871	-83.25262
35.71871	-83.25262
35.71873	-83.25253
35.71873	-83.25253
35.71877	-83.2525
35.71877	-83.2525
35.7188	-83.25245
35.7188	-83.25245
35.71884	-83.2524
35.71884	-83.2524
35.71889	-83.25236
35.71889	-83.25236
35.71893	-83.25231
35.71893	-83.25231
35.71898	-83.25226
35.71898	-83.25226
35.71903	-83.25221
35.71903	-83.25221
35.71907	-83.25215
35.71907	-83.25215
35.71912	-83.2521
35.71912	-83.2521
35.71917	-83.25205
35.71917	-83.25205
35.71921	-83.25199
35.71921	-83.25199
35.71926	-83.25195
35.71926	-83.25195
35.7193	-83.25189
35.7193	-83.25189
35.71935	-83.25185
35.71935	-83.25185
35.71939	-83.25179
35.71939	-83.25179
35.71948	-83.25169
35.71948	-83.25169
35.71958	-83.25154
35.71958	-83.25154
35.71962	-83.25148
35.71962	-83.25148
35.71965	-83.25142
35.71965	-83.25142
35.71967	-83.25136
35.71967	-83.25136
35.7197	-83.2513
35.7197	-83.2513
35.71981	-83.25092
35.71981	-83.25092
35.71985	-83.25087
35.71985	-83.25087
35.71988	-83.2508
35.71988	-83.2508
35.71991	-83.25074
35.71991	-83.25074
35.71994	-83.25069
35.71994	-83.25069
35.71998	-83.25064
35.71998	-83.25064
35.72001	-83.25059
35.72001	-83.25059
35.72003	-83.25052
35.72003	-83.25052
35.72006	-83.25046
35.72006	-83.25046
35.72008	-83.25039
35.72008	-83.25039
35.72011	-83.25033
35.72011	-83.25033
35.72015	-83.25029
35.72015	-83.25029
35.72018	-83.25023
35.72018	-83.25023
35.7202	-83.25017
35.7202	-83.25017
35.72021	-83.25017
35.72021	-83.25017
35.72021	-83.25017
35.72021	-83.25017
35.72023	-83.25012
35.72023	-83.25012
35.72026	-83.25005
35.72026	-83.25005
35.72027	-83.25002
35.72027	-83.25002
35.72027	-83.25002
35.72027	-83.25002
35.72029	-83.24999
35.72029	-83.24999
35.72043	-83.2496
35.72043	-83.2496
35.72045	-83.24954
35.72045	-83.24954
35.72065	-83.24878
35.72065	-83.24878
35.72073	-83.24874
35.72073	-83.24874
35.72074	-83.24871
35.72074	-83.24871
35.72078	-83.24868
35.72078	-83.24868
35.7208	-83.24861
35.7208	-83.24861
35.72086	-83.24861
35.72086	-83.24861
35.72118	-83.24788
35.72118	-83.24788
35.72121	-83.24782
35.72121	-83.24782
35.72123	-83.24777
35.72123	-83.24777
35.72125	-83.24771
35.72125	-83.24771
35.72127	-83.24766
35.72127	-83.24766
35.72129	-83.2476
35.72129	-83.2476
35.72132	-83.24755
35.72132	-83.24755
35.72134	-83.24748
35.72134	-83.24748
35.72136	-83.24743
35.72136	-83.24743
35.72138	-83.24736
35.72138	-83.24736
35.7214	-83.2473
35.7214	-83.2473
35.72141	-83.24723
35.72141	-83.24723
35.7215	-83.24705
35.7215	-83.24705
35.72156	-83.24694
35.72156	-83.24694
35.72159	-83.24686
35.72159	-83.24686
35.72163	-83.24683
35.72163	-83.24683
35.72166	-83.24679
35.72166	-83.24679
35.72166	-83.24679
35.72166	-83.24679
35.72166	-83.24679
35.72166	-83.24679
35.72166	-83.24678
35.72166	-83.24678
35.72166	-83.24678
35.72166	-83.24678
35.72167	-83.24678
35.72167	-83.24678
35.72167	-83.24677
35.72167	-83.24677
35.72167	-83.24677
35.72167	-83.24677
35.72168	-83.24674
35.72168	-83.24674
35.72169	-83.24665
35.72169	-83.24665
35.72169	-83.24665
35.72169	-83.24665
35.72166	-83.24642
35.72166	-83.24642
35.72165	-83.24623
35.72165	-83.24623
35.72165	-83.24606
35.72165	-83.24606
35.72166	-83.2459
35.72166	-83.2459
35.72175	-83.24571
35.72175	-83.24571
35.72181	-83.24564
35.72181	-83.24564
35.72184	-83.2454
35.72184	-83.2454
35.72187	-83.24522
35.72187	-83.24522
35.722	-83.24502
35.722	-83.24502
35.72223	-83.24476
35.72223	-83.24476
35.72241	-83.24457
35.72241	-83.24457
35.72268	-83.24447
35.72268	-83.24447
35.72268	-83.24447
35.72268	-83.24447
35.72289	-83.2442
35.72289	-83.2442
35.72294	-83.24411
35.72294	-83.24411
35.72296	-83.24405
35.72296	-83.24405
35.72299	-83.24398
35.72299	-83.24398
35.72301	-83.24392
35.72301	-83.24392
35.72303	-83.24385
35.72303	-83.24385
35.72306	-83.24378
35.72306	-83.24378
35.72307	-83.24371
35.72307	-83.24371
35.72309	-83.24364
35.72309	-83.24364
35.72311	-83.24357
35.72311	-83.24357
35.72311	-83.24356
35.72311	-83.24356
35.72311	-83.24356
35.72311	-83.24356
35.72313	-83.24351
35.72313	-83.24351
35.72316	-83.24345
35.72316	-83.24345
35.72319	-83.24338
35.72319	-83.24338
35.72323	-83.24333
35.72323	-83.24333
35.72326	-83.24328
35.72326	-83.24328
35.72329	-83.24322
35.72329	-83.24322
35.72343	-83.24315
35.72343	-83.24315
35.72346	-83.2431
35.72346	-83.2431
35.72349	-83.24306
35.72349	-83.24306
35.72353	-83.243
35.72353	-83.243
35.72356	-83.24295
35.72356	-83.24295
35.7236	-83.24291
35.7236	-83.24291
35.72365	-83.24287
35.72365	-83.24287
35.72371	-83.24282
35.72371	-83.24282
35.72371	-83.24282
35.72371	-83.24282
35.72374	-83.2428
35.72374	-83.2428
35.72378	-83.24276
35.72378	-83.24276
35.72383	-83.24272
35.72383	-83.24272
35.72386	-83.24268
35.72386	-83.24268
35.7239	-83.24263
35.7239	-83.24263
35.72395	-83.24259
35.72395	-83.24259
35.72399	-83.24256
35.72399	-83.24256
35.72403	-83.24252
35.72403	-83.24252
35.72407	-83.24248
35.72407	-83.24248
35.72412	-83.24244
35.72412	-83.24244
35.72417	-83.24241
35.72417	-83.24241
35.72421	-83.24238
35.72421	-83.24238
35.72424	-83.24233
35.72424	-83.24233
35.72429	-83.24229
35.72429	-83.24229
35.72433	-83.24226
35.72433	-83.24226
35.72436	-83.24221
35.72436	-83.24221
35.7244	-83.24217
35.7244	-83.24217
35.72445	-83.24212
35.72445	-83.24212
35.7245	-83.24208
35.7245	-83.24208
35.72454	-83.24204
35.72454	-83.24204
35.72457	-83.24202
35.72457	-83.24202
35.72457	-83.24202
36.1087	-82.13128
36.10868	-82.13129
36.10868	-82.13129
36.10864	-82.13128
36.10864	-82.13128
36.10858	-82.13123
36.10858	-82.13123
36.1084	-82.13118
36.1084	-82.13118
36.10836	-82.13114
36.10836	-82.13114
36.10834	-82.13109
36.10834	-82.13109
36.10833	-82.13107
36.10833	-82.13107
36.10828	-82.13108
36.10828	-82.13108
36.10825	-82.13111
36.10825	-82.13111
36.10823	-82.13115
36.10823	-82.13115
36.10816	-82.13114
36.10816	-82.13114
36.1081	-82.13115
36.1081	-82.13115
36.10807	-82.13114
36.10807	-82.13114
36.10803	-82.13113
36.10803	-82.13113
36.10799	-82.13109
36.10799	-82.13109
36.10797	-82.13105
36.10797	-82.13105
36.10795	-82.131
36.10795	-82.131
36.10794	-82.13096
36.10794	-82.13096
36.10793	-82.13096
36.10793	-82.13096
36.10793	-82.13096
36.10793	-82.13096
36.10789	-82.13094
36.10789	-82.13094
36.10777	-82.13092
36.10777	-82.13092
36.10752	-82.13088
36.10752	-82.13088
36.10736	-82.13086
36.10736	-82.13086
36.10734	-82.13086
36.10734	-82.13086
36.10734	-82.13088
36.10734	-82.13088
36.10732	-82.1309
36.10732	-82.1309
36.10731	-82.13093
36.10731	-82.13093
36.10707	-82.1309
36.10707	-82.1309
36.10693	-82.13091
36.10693	-82.13091
36.10678	-82.13102
36.10678	-82.13102
36.10671	-82.13104
36.10671	-82.13104
36.10668	-82.13101
36.10668	-82.13101
36.10663	-82.13098
36.10663	-82.13098
36.10663	-82.13098
36.10663	-82.13098
36.10663	-82.13098
36.10663	-82.13098
36.10664	-82.13098
36.10664	-82.13098
36.10663	-82.13098
36.10663	-82.13098
36.10663	-82.13098
36.10663	-82.13098
36.10663	-82.13098
36.10663	-82.13098
36.10663	-82.13097
36.10663	-82.13097
36.10662	-82.13096
36.10662	-82.13096
36.10657	-82.13091
36.10657	-82.13091
36.10651	-82.13088
36.10651	-82.13088
36.10648	-82.13087
36.10648	-82.13087
36.10647	-82.13086
36.10647	-82.13086
36.10645	-82.13086
36.10645	-82.13086
36.10641	-82.13087
36.10641	-82.13087
36.10637	-82.13088
36.10637	-82.13088
36.10628	-82.13093
36.10628	-82.13093
36.10626	-82.13094
36.10626	-82.13094
36.10628	-82.13093
36.10628	-82.13093
36.10621	-82.131
36.10621	-82.131
36.10612	-82.13108
36.10612	-82.13108
36.10601	-82.13107
36.10601	-82.13107
36.1058	-82.13113
36.1058	-82.13113
36.10569	-82.13114
36.10569	-82.13114
36.10555	-82.1311
36.10555	-82.1311
36.10554	-82.13102
36.10554	-82.13102
36.10559	-82.13086
36.10559	-82.13086
36.10561	-82.1307
36.10561	-82.1307
36.10557	-82.13062
36.10557	-82.13062
36.10557	-82.13062
36.10557	-82.13062
36.10552	-82.13061
36.10552	-82.13061
36.10546	-82.13063
36.10546	-82.13063
36.10539	-82.13065
36.10539	-82.13065
36.10533	-82.13066
36.10533	-82.13066
36.10519	-82.13052
36.10519	-82.13052
36.10513	-82.13049
36.10513	-82.13049
36.10508	-82.13047
36.10508	-82.13047
36.10503	-82.13044
36.10503	-82.13044
36.10499	-82.13041
36.10499	-82.13041
36.10494	-82.13039
36.10494	-82.13039
36.10489	-82.1304
36.10489	-82.1304
36.10486	-82.13042
36.10486	-82.13042
36.10482	-82.13031
36.10482	-82.13031
36.10479	-82.13021
36.10479	-82.13021
36.10477	-82.13018
36.10477	-82.13018
36.10475	-82.13015
36.10475	-82.13015
36.10475	-82.1301
36.10475	-82.1301
36.10474	-82.13005
36.10474	-82.13005
36.10477	-82.12989
36.10477	-82.12989
36.10478	-82.12986
36.10478	-82.12986
36.10478	-82.12986
36.10478	-82.12986
36.10478	-82.12985
36.10478	-82.12985
36.10486	-82.12976
36.10486	-82.12976
36.10486	-82.12973
36.10486	-82.12973
36.10487	-82.12968
36.10487	-82.12968
36.10487	-82.12964
36.10487	-82.12964
36.10485	-82.12961
36.10485	-82.12961
36.1048	-82.12959
36.1048	-82.12959
36.10471	-82.12957
36.10471	-82.12957
36.10468	-82.12955
36.10468	-82.12955
36.10461	-82.12943
36.10461	-82.12943
36.10458	-82.1294
36.10458	-82.1294
36.10454	-82.12931
36.10454	-82.12931
36.10453	-82.12928
36.10453	-82.12928
36.10454	-82.12921
36.10454	-82.12921
36.10455	-82.12918
36.10455	-82.12918
36.10456	-82.12914
36.10456	-82.12914
36.10453	-82.1291
36.10453	-82.1291
36.1045	-82.12906
36.1045	-82.12906
36.10446	-82.1289
36.10446	-82.1289
36.10444	-82.12886
36.10444	-82.12886
36.10445	-82.12883
36.10445	-82.12883
36.10448	-82.12879
36.10448	-82.12879
36.10446	-82.12876
36.10446	-82.12876
36.10446	-82.1287
36.10446	-82.1287
36.10444	-82.12868
36.10444	-82.12868
36.10446	-82.1287
36.10446	-82.1287
36.10433	-82.12856
36.10433	-82.12856
36.10424	-82.1284
36.10424	-82.1284
36.10422	-82.12831
36.10422	-82.12831
36.10422	-82.12791
36.10422	-82.12791
36.10422	-82.12791
36.10422	-82.12791
36.10422	-82.12783
36.10422	-82.12783
36.1042	-82.12768
36.1042	-82.12768
36.10423	-82.12743
36.10423	-82.12743
36.10423	-82.12735
36.10423	-82.12735
36.10426	-82.12722
36.10426	-82.12722
36.10427	-82.12714
36.10427	-82.12714
36.10428	-82.12706
36.10428	-82.12706
36.10428	-82.127
36.10428	-82.127
36.10429	-82.12692
36.10429	-82.12692
36.10429	-82.12686
36.10429	-82.12686
36.1043	-82.12678
36.1043	-82.12678
36.1043	-82.12654
36.1043	-82.12654
36.10432	-82.12648
36.10432	-82.12648
36.10441	-82.12624
36.10441	-82.12624
36.10442	-82.12616
36.10442	-82.12616
36.10442	-82.12612
36.10442	-82.12612
36.10444	-82.126
36.10444	-82.126
36.10446	-82.12585
36.10446	-82.12585
36.10447	-82.12579
36.10447	-82.12579
36.10465	-82.12527
36.10465	-82.12527
36.10468	-82.12515
36.10468	-82.12515
36.10478	-82.12483
36.10478	-82.12483
36.1048	-82.12476
36.1048	-82.12476
36.10483	-82.12468
36.10483	-82.12468
36.10494	-82.12413
36.10494	-82.12413
36.10494	-82.12405
36.10494	-82.12405
36.10497	-82.12398
36.10497	-82.12398
36.10499	-82.12392
36.10499	-82.12392
36.10506	-82.1238
36.10506	-82.1238
36.10512	-82.12366
36.10512	-82.12366
36.10515	-82.1236
36.10515	-82.1236
36.10528	-82.12335
36.10528	-82.12335
36.10531	-82.12329
36.10531	-82.12329
36.10534	-82.12322
36.10534	-82.12322
36.10538	-82.12315
36.10538	-82.12315
36.10542	-82.12308
36.10542	-82.12308
36.10545	-82.12301
36.10545	-82.12301
36.1055	-82.1229
36.1055	-82.1229
36.10556	-82.12277
36.10556	-82.12277
36.1058	-82.1224
36.1058	-82.1224
36.10588	-82.12228
36.10588	-82.12228
36.1059	-82.12222
36.1059	-82.12222
36.10602	-82.1218
36.10602	-82.1218
36.10602	-82.12173
36.10602	-82.12173
36.106	-82.12166
36.106	-82.12166
36.10598	-82.12158
36.10598	-82.12158
36.10597	-82.12152
36.10597	-82.12152
36.10593	-82.12146
36.10593	-82.12146
36.10591	-82.12141
36.10591	-82.12141
36.1059	-82.12138
36.1059	-82.12138
36.10588	-82.12135
36.10588	-82.12135
36.10582	-82.1213
36.10582	-82.1213
36.10581	-82.12129
36.10581	-82.12129
36.10574	-82.1212
36.10574	-82.1212
36.10572	-82.12116
36.10572	-82.12116
36.10566	-82.12108
36.10566	-82.12108
36.10563	-82.12104
36.10563	-82.12104
36.10558	-82.121
36.10558	-82.121
36.10556	-82.12097
36.10556	-82.12097
36.10552	-82.12093
36.10552	-82.12093
36.10547	-82.12087
36.10547	-82.12087
36.10543	-82.12084
36.10543	-82.12084
36.1054	-82.12081
36.1054	-82.12081
36.10538	-82.12078
36.10538	-82.12078
36.10536	-82.12074
36.10536	-82.12074
36.1053	-82.12064
36.1053	-82.12064
36.10526	-82.12059
36.10526	-82.12059
36.10524	-82.12055
36.10524	-82.12055
36.1052	-82.1205
36.1052	-82.1205
36.10516	-82.12045
36.10516	-82.12045
36.10516	-82.12045
36.10516	-82.12045
36.10516	-82.12045
36.10516	-82.12045
36.10505	-82.12034
36.10505	-82.12034
36.10504	-82.12032
36.10504	-82.12032
36.105	-82.12026
36.105	-82.12026
36.10497	-82.12021
36.10497	-82.12021
36.10491	-82.12011
36.10491	-82.12011
36.10488	-82.12006
36.10488	-82.12006
36.10486	-82.12001
36.10486	-82.12001
36.10485	-82.11997
36.10485	-82.11997
36.10482	-82.11986
36.10482	-82.11986
36.10479	-82.11982
36.10479	-82.11982
36.10478	-82.11979
36.10478	-82.11979
36.10475	-82.11971
36.10475	-82.11971
36.10473	-82.11967
36.10473	-82.11967
36.10468	-82.11957
36.10468	-82.11957
36.1046	-82.11943
36.1046	-82.11943
36.10457	-82.11941
36.10457	-82.11941
36.1045	-82.11937
36.1045	-82.11937
36.10443	-82.1193
36.10443	-82.1193
36.10442	-82.11923
36.10442	-82.11923
36.10443	-82.11918
36.10443	-82.11918
36.10444	-82.11912
36.10444	-82.11912
36.10445	-82.11908
36.10445	-82.11908
36.10445	-82.11909
36.10445	-82.11909
36.10445	-82.11907
36.10445	-82.11907
36.10444	-82.11893
36.10444	-82.11893
36.10443	-82.11872
36.10443	-82.11872
36.1045	-82.1186
36.1045	-82.1186
36.10442	-82.11859
36.10442	-82.11859
36.1044	-82.11843
36.1044	-82.11843
36.10437	-82.11837
36.10437	-82.11837
36.10435	-82.11833
36.10435	-82.11833
36.10446	-82.11796
36.10446	-82.11796
36.10447	-82.11789
36.10447	-82.11789
36.10446	-82.11783
36.10446	-82.11783
36.10447	-82.11777
36.10447	-82.11777
36.1045	-82.11771
36.1045	-82.11771
36.10462	-82.11769
36.10462	-82.11769
36.10477	-82.11774
36.10477	-82.11774
36.10481	-82.11779
36.10481	-82.11779
36.10485	-82.11782
36.10485	-82.11782
36.10495	-82.1179
36.10495	-82.1179
36.10495	-82.11788
36.10495	-82.11788
36.10502	-82.11791
36.10502	-82.11791
36.10502	-82.11802
36.10502	-82.11802
36.10505	-82.11807
36.10505	-82.11807
36.10508	-82.11812
36.10508	-82.11812
36.10513	-82.11819
36.10513	-82.11819
36.10516	-82.11827
36.10516	-82.11827
36.10517	-82.11832
36.10517	-82.11832
36.1052	-82.11838
36.1052	-82.11838
36.10522	-82.1184
36.10522	-82.1184
36.10524	-82.11846
36.10524	-82.11846
36.10525	-82.11852
36.10525	-82.11852
36.10528	-82.11862
36.10528	-82.11862
36.10536	-82.11857
36.10536	-82.11857
36.10534	-82.11847
36.10534	-82.11847
36.10537	-82.11832
36.10537	-82.11832
36.10537	-82.11826
36.10537	-82.11826
36.10539	-82.11806
36.10539	-82.11806
36.10538	-82.11793
36.10538	-82.11793
36.10538	-82.11793
36.10538	-82.11793
36.10539	-82.11793
36.10539	-82.11793
36.10539	-82.11792
36.10539	-82.11792
36.10539	-82.11792
36.10539	-82.11792
36.10539	-82.11792
36.10539	-82.11792
36.10538	-82.11784
36.10538	-82.11784
36.10539	-82.11777
36.10539	-82.11777
36.10539	-82.11771
36.10539	-82.11771
36.10538	-82.11764
36.10538	-82.11764
36.10538	-82.11757
36.10538	-82.11757
36.10539	-82.11751
36.10539	-82.11751
36.10539	-82.11744
36.10539	-82.11744
36.10535	-82.11737
36.10535	-82.11737
36.10537	-82.11727
36.10537	-82.11727
36.10532	-82.11708
36.10532	-82.11708
36.10526	-82.11697
36.10526	-82.11697
36.10517	-82.11681
36.10517	-82.11681
36.10514	-82.11676
36.10514	-82.11676
36.10513	-82.11669
36.10513	-82.11669
36.10514	-82.11665
36.10514	-82.11665
36.10511	-82.11661
36.10511	-82.11661
36.10505	-82.11655
36.10505	-82.11655
36.10501	-82.11651
36.10501	-82.11651
36.10499	-82.11648
36.10499	-82.11648
36.10494	-82.1164
36.10494	-82.1164
36.10488	-82.11633
36.10488	-82.11633
36.10485	-82.11629
36.10485	-82.11629
36.10481	-82.11622
36.10481	-82.11622
36.10478	-82.1162
36.10478	-82.1162
36.10474	-82.11616
36.10474	-82.11616
36.10472	-82.11612
36.10472	-82.11612
36.10469	-82.11608
36.10469	-82.11608
36.10465	-82.11604
36.10465	-82.11604
36.10463	-82.11603
36.10463	-82.11603
36.10459	-82.11599
36.10459	-82.11599
36.10456	-82.11596
36.10456	-82.11596
36.10452	-82.11592
36.10452	-82.11592
36.10447	-82.11589
36.10447	-82.11589
36.10443	-82.11585
36.10443	-82.11585
36.10439	-82.11578
36.10439	-82.11578
36.1043	-82.11574
36.1043	-82.11574
36.10427	-82.11571
36.10427	-82.11571
36.10416	-82.11564
36.10416	-82.11564
36.10414	-82.11561
36.10414	-82.11561
36.10409	-82.11555
36.10409	-82.11555
36.10409	-82.1155
36.10409	-82.1155
36.10412	-82.11547
44.26937	-71.30765
44.26943	-71.30761
44.26943	-71.30761
44.26945	-71.30759
44.26945	-71.30759
44.26944	-71.30756
44.26944	-71.30756
44.26942	-71.30749
44.26942	-71.30749
44.26944	-71.30742
44.26944	-71.30742
44.26947	-71.30739
44.26947	-71.30739
44.2695	-71.3074
44.2695	-71.3074
44.26954	-71.3074
44.26954	-71.3074
44.2696	-71.30725
44.2696	-71.30725
44.26965	-71.30722
44.26965	-71.30722
44.26967	-71.30722
44.26967	-71.30722
44.26971	-71.30723
44.26971	-71.30723
44.26974	-71.30722
44.26974	-71.30722
44.26978	-71.30719
44.26978	-71.30719
44.2698	-71.30715
44.2698	-71.30715
44.26982	-71.30711
44.26982	-71.30711
44.26982	-71.30709
44.26982	-71.30709
44.26979	-71.30702
44.26979	-71.30702
44.26979	-71.30698
44.26979	-71.30698
44.26982	-71.30691
44.26982	-71.30691
44.26988	-71.30686
44.26988	-71.30686
44.26994	-71.30677
44.26994	-71.30677
44.26998	-71.30678
44.26998	-71.30678
44.27007	-71.30672
44.27007	-71.30672
44.27015	-71.30668
44.27015	-71.30668
44.27018	-71.30668
44.27018	-71.30668
44.27017	-71.3067
44.27017	-71.3067
44.27022	-71.30672
44.27022	-71.30672
44.27028	-71.30672
44.27028	-71.30672
44.27035	-71.30669
44.27035	-71.30669
44.27044	-71.30661
44.27044	-71.30661
44.27048	-71.30659
44.27048	-71.30659
44.27053	-71.3066
44.27053	-71.3066
44.27055	-71.30659
44.27055	-71.30659
44.27059	-71.30655
44.27059	-71.30655
44.27062	-71.30653
44.27062	-71.30653
44.27067	-71.30642
44.27067	-71.30642
44.27069	-71.30636
44.27069	-71.30636
44.2707	-71.30627
44.2707	-71.30627
44.27073	-71.30615
44.27073	-71.30615
44.27078	-71.30601
44.27078	-71.30601
44.27078	-71.30595
44.27078	-71.30595
44.27079	-71.30584
44.27079	-71.30584
44.27081	-71.30581
44.27081	-71.30581
44.27084	-71.30573
44.27084	-71.30573
44.27085	-71.30568
44.27085	-71.30568
44.27086	-71.30565
44.27086	-71.30565
44.27091	-71.30564
44.27091	-71.30564
44.27097	-71.30562
44.27097	-71.30562
44.27102	-71.3056
44.27102	-71.3056
44.27106	-71.30561
44.27106	-71.30561
44.27109	-71.30559
44.27109	-71.30559
44.27115	-71.30558
44.27115	-71.30558
44.27121	-71.30554
44.27121	-71.30554
44.27129	-71.30552
44.27129	-71.30552
44.27132	-71.30551
44.27132	-71.30551
44.27138	-71.30546
44.27138	-71.30546
44.27142	-71.30547
44.27142	-71.30547
44.2715	-71.30548
44.2715	-71.30548
44.27157	-71.30557
44.27157	-71.30557
44.27165	-71.30558
44.27165	-71.30558
44.27175	-71.30554
44.27175	-71.30554
44.27181	-71.30555
44.27181	-71.30555
44.27181	-71.30555
44.27181	-71.30555
44.27188	-71.30554
44.27188	-71.30554
44.27193	-71.30552
44.27193	-71.30552
44.27195	-71.30551
44.27195	-71.30551
44.27195	-71.30551
44.27195	-71.30551
44.27195	-71.30551
44.27195	-71.30551
44.27195	-71.30551
44.27195	-71.30551
44.27196	-71.30551
44.27196	-71.30551
44.27198	-71.30552
44.27198	-71.30552
44.272	-71.30552
44.272	-71.30552
44.27205	-71.30553
44.27205	-71.30553
44.27215	-71.30548
44.27215	-71.30548
44.27222	-71.30543
44.27222	-71.30543
44.27228	-71.30542
44.27228	-71.30542
44.27236	-71.3054
44.27236	-71.3054
44.27243	-71.30541
44.27243	-71.30541
44.27248	-71.30539
44.27248	-71.30539
44.27253	-71.3054
44.27253	-71.3054
44.27258	-71.3054
44.27258	-71.3054
44.27262	-71.30538
44.27262	-71.30538
44.27271	-71.30532
44.27271	-71.30532
44.27277	-71.30527
44.27277	-71.30527
44.27284	-71.30523
44.27284	-71.30523
44.27289	-71.30517
44.27289	-71.30517
44.27294	-71.30505
44.27294	-71.30505
44.27298	-71.30499
44.27298	-71.30499
44.27302	-71.30496
44.27302	-71.30496
44.27312	-71.30495
44.27312	-71.30495
44.27315	-71.30492
44.27315	-71.30492
44.2732	-71.30491
44.2732	-71.30491
44.27327	-71.3049
44.27327	-71.3049
44.2734	-71.3049
44.2734	-71.3049
44.27354	-71.30488
44.27354	-71.30488
44.27361	-71.30484
44.27361	-71.30484
44.27368	-71.30484
44.27368	-71.30484
44.27373	-71.30484
44.27373	-71.30484
44.27383	-71.30481
44.27383	-71.30481
44.27391	-71.30479
44.27391	-71.30479
44.27397	-71.3048
44.27397	-71.3048
44.27403	-71.30477
44.27403	-71.30477
44.2741	-71.30474
44.2741	-71.30474
44.27415	-71.30472
44.27415	-71.30472
44.27421	-71.30471
44.27421	-71.30471
44.27434	-71.30471
44.27434	-71.30471
44.27442	-71.30471
44.27442	-71.30471
44.27449	-71.3047
44.27449	-71.3047
44.27453	-71.30469
44.27453	-71.30469
44.27457	-71.30469
44.27457	-71.30469
44.27462	-71.30467
44.27462	-71.30467
44.27466	-71.30472
44.27466	-71.30472
44.27472	-71.30486
